nan nan nan nan nan
nan nan nan nan nan
nan nan nan nan nan
nan nan nan nan nan
nan nan nan nan nan
nan nan nan nan nan
nan nan nan nan nan
nan nan nan nan nan
nan nan nan nan nan
nan nan nan nan nan
nan nan nan nan nan
nan nan nan nan nan
nan nan nan nan nan
nan nan nan nan nan
nan nan nan nan nan
nan nan nan nan nan
nan nan nan nan nan
nan nan nan nan nan
nan nan nan nan nan
nan nan nan nan nan
nan nan nan nan nan
nan nan nan nan nan
nan nan nan nan nan
nan nan nan nan nan
nan nan nan nan nan
nan nan nan nan nan
nan nan nan nan nan
nan nan nan nan nan
nan nan nan nan nan
nan nan nan nan nan
nan nan nan nan nan
nan nan nan nan nan
nan nan nan nan nan
nan nan nan nan nan
nan nan nan nan nan
-1.937921142578125000e+01 6.956953555345535278e-02 nan 6.082678710937500000e+03 3.146025085449218750e+02
-1.912409591674804688e+01 7.304149866104125977e-02 nan 6.056376953125000000e+03 3.145892944335937500e+02
-1.867708206176757812e+01 7.307934761047363281e-02 nan 6.023404296875000000e+03 3.147310791015625000e+02
-1.836199569702148438e+01 8.012091368436813354e-02 nan 5.993121093750000000e+03 3.147917785644531250e+02
-1.804014968872070312e+01 8.682435750961303711e-02 nan 5.963848632812500000e+03 3.147924804687500000e+02
-1.782474327087402344e+01 9.261608123779296875e-02 nan 5.932895019531250000e+03 3.147393188476562500e+02
-1.757447433471679688e+01 9.696801006793975830e-02 nan 5.901740234375000000e+03 3.146427001953125000e+02
-1.734258270263671875e+01 9.922094643115997314e-02 nan 5.871643066406250000e+03 3.145722045898437500e+02
-1.703085517883300781e+01 1.006044149398803711e-01 nan 5.839195312500000000e+03 3.145353393554687500e+02
-1.688373565673828125e+01 1.029750257730484009e-01 nan 5.808752929687500000e+03 3.143916625976562500e+02
-1.657516479492187500e+01 1.079601496458053589e-01 nan 5.777561523437500000e+03 3.143801879882812500e+02
-1.649147033691406250e+01 1.129691302776336670e-01 nan 5.746262695312500000e+03 3.141211547851562500e+02
-1.632962608337402344e+01 1.183507293462753296e-01 nan 5.714940429687500000e+03 3.139509887695312500e+02
-1.608620071411132812e+01 1.119114086031913757e-01 nan 5.685378906250000000e+03 3.138990173339843750e+02
-1.582397270202636719e+01 1.030681952834129333e-01 nan 5.656045410156250000e+03 3.138607788085937500e+02
-1.559200286865234375e+01 8.977387100458145142e-02 nan 5.625303710937500000e+03 3.137928771972656250e+02
-1.535789680480957031e+01 8.064842969179153442e-02 nan 5.593464843750000000e+03 3.137031250000000000e+02
-1.522581577301025391e+01 8.304361253976821899e-02 nan 5.564237304687500000e+03 3.135224914550781250e+02
-1.519007396697998047e+01 9.182548522949218750e-02 nan 5.535374023437500000e+03 3.132299194335937500e+02
-1.498828506469726562e+01 9.564040601253509521e-02 nan 5.503740234375000000e+03 3.131040649414062500e+02
-1.488972568511962891e+01 1.098078861832618713e-01 nan 5.474158203125000000e+03 3.128681335449218750e+02
-1.487336921691894531e+01 1.365748494863510132e-01 nan 5.445378417968750000e+03 3.125679931640625000e+02
-1.491088485717773438e+01 2.336854338645935059e-01 nan 5.414254882812500000e+03 3.121405029296875000e+02
-1.506812763214111328e+01 4.440652430057525635e-01 nan 5.385306640625000000e+03 3.116103210449218750e+02
-1.506737327575683594e+01 4.703072607517242432e-01 nan 5.358927734375000000e+03 3.112934570312500000e+02
-1.488133239746093750e+01 4.963458776473999023e-01 nan 5.329834960937500000e+03 3.111740722656250000e+02
-1.455659770965576172e+01 4.953083097934722900e-01 nan 5.299001953125000000e+03 3.111865539550781250e+02
-1.442433929443359375e+01 5.066237449645996094e-01 nan 5.270103027343750000e+03 3.110527343750000000e+02
-1.452451610565185547e+01 6.440378427505493164e-01 nan 5.242566406250000000e+03 3.105827026367187500e+02
-1.535810470581054688e+01 1.354802250862121582e+00 nan 5.213595703125000000e+03 3.092463378906250000e+02
-1.535395431518554688e+01 8.732977509498596191e-01 nan 5.185032714843750000e+03 3.089307250976562500e+02
-1.522019577026367188e+01 1.285372614860534668e+00 nan 5.154697265625000000e+03 3.087255859375000000e+02
-1.499808120727539062e+01 1.371117353439331055e+00 nan 5.126488769531250000e+03 3.086641235351562500e+02
-1.474722671508789062e+01 1.341923475265502930e+00 nan 5.098072265625000000e+03 3.086378784179687500e+02
-1.448466396331787109e+01 1.357042908668518066e+00 nan 5.069615234375000000e+03 3.086148071289062500e+02
-1.421277332305908203e+01 1.305987358093261719e+00 nan 5.041170410156250000e+03 3.086219787597656250e+02
-1.393507957458496094e+01 1.332486987113952637e+00 nan 5.012009765625000000e+03 3.086127319335937500e+02
-1.366983222961425781e+01 1.401999115943908691e+00 nan 4.985595214843750000e+03 3.086142883300781250e+02
-1.341868591308593750e+01 1.360311388969421387e+00 nan 4.957465820312500000e+03 3.085895385742187500e+02
-1.316908264160156250e+01 1.305399894714355469e+00 nan 4.929359863281250000e+03 3.085647277832031250e+02
-1.292577075958251953e+01 1.324658632278442383e+00 nan 4.903357421875000000e+03 3.085519714355468750e+02
-1.267520904541015625e+01 1.399898290634155273e+00 nan 4.874760742187500000e+03 3.085107421875000000e+02
-1.244909858703613281e+01 1.413088321685791016e+00 nan 4.846657714843750000e+03 3.084640197753906250e+02
-1.223283481597900391e+01 1.475870609283447266e+00 nan 4.820491210937500000e+03 3.084226684570312500e+02
-1.196543312072753906e+01 1.515816688537597656e+00 nan 4.790736328125000000e+03 3.083920593261718750e+02
-1.173108100891113281e+01 1.569313287734985352e+00 nan 4.761742187500000000e+03 3.083400878906250000e+02
-1.164133644104003906e+01 1.625506997108459473e+00 nan 4.736375000000000000e+03 3.081498413085937500e+02
-1.161970329284667969e+01 1.563251852989196777e+00 nan 4.708765136718750000e+03 3.078626098632812500e+02
-1.142374706268310547e+01 1.648577928543090820e+00 nan 4.679467285156250000e+03 3.077627258300781250e+02
-1.132601642608642578e+01 1.703230023384094238e+00 nan 4.652469238281250000e+03 3.075663757324218750e+02
-1.111782073974609375e+01 1.683091163635253906e+00 nan 4.625742187500000000e+03 3.075018615722656250e+02
-1.100956439971923828e+01 1.672455668449401855e+00 nan 4.599571289062500000e+03 3.073345031738281250e+02
-1.084925270080566406e+01 1.623907327651977539e+00 nan 4.573947753906250000e+03 3.072309265136718750e+02
-1.064223575592041016e+01 1.607712388038635254e+00 nan 4.547822265625000000e+03 3.071730041503906250e+02
-1.038406753540039062e+01 1.602578878402709961e+00 nan 4.519562500000000000e+03 3.071495361328125000e+02
-1.014157676696777344e+01 1.540045261383056641e+00 nan 4.492023437500000000e+03 3.071277465820312500e+02
-9.938378334045410156e+00 1.583258748054504395e+00 nan 4.465527343750000000e+03 3.070624694824218750e+02
-9.734030723571777344e+00 1.524163961410522461e+00 nan 4.439477050781250000e+03 3.070171813964843750e+02
-9.487408638000488281e+00 1.457336902618408203e+00 nan 4.414302246093750000e+03 3.070058288574218750e+02
-9.287475585937500000e+00 1.258838295936584473e+00 nan 4.388012695312500000e+03 3.069559631347656250e+02
-9.129846572875976562e+00 1.296146154403686523e+00 nan 4.360879882812500000e+03 3.068216857910156250e+02
-9.201951980590820312e+00 1.735343813896179199e+00 nan 4.335213378906250000e+03 3.064360046386718750e+02
-9.091712951660156250e+00 1.783708214759826660e+00 nan 4.310045898437500000e+03 3.062992553710937500e+02
-8.870773315429687500e+00 1.875783681869506836e+00 nan 4.283875488281250000e+03 3.062598266601562500e+02
-8.631032943725585938e+00 1.892461299896240234e+00 nan 4.257352050781250000e+03 3.062344360351562500e+02
-8.401278495788574219e+00 1.856450915336608887e+00 nan 4.230833984375000000e+03 3.062111511230468750e+02
-8.151705741882324219e+00 1.927204728126525879e+00 nan 4.204715820312500000e+03 3.062002258300781250e+02
-7.916370391845703125e+00 1.851953864097595215e+00 nan 4.178773925781250000e+03 3.061800842285156250e+02
-7.777703762054443359e+00 1.916439056396484375e+00 nan 4.152908203125000000e+03 3.060465393066406250e+02
-7.574779987335205078e+00 1.978721618652343750e+00 nan 4.127434570312500000e+03 3.060040588378906250e+02
-7.344517230987548828e+00 1.948854327201843262e+00 nan 4.101015625000000000e+03 3.059832153320312500e+02
-7.103961944580078125e+00 1.907780885696411133e+00 nan 4.074254882812500000e+03 3.059492492675781250e+02
-6.897491455078125000e+00 1.957342267036437988e+00 nan 4.048671386718750000e+03 3.059028625488281250e+02
-6.782959461212158203e+00 2.033769845962524414e+00 nan 4.025765136718750000e+03 3.057795104980468750e+02
-6.714106559753417969e+00 1.953791975975036621e+00 nan 4.001924316406250000e+03 3.055935974121093750e+02
-6.596383571624755859e+00 1.984585285186767578e+00 nan 3.974842285156250000e+03 3.054225769042968750e+02
-6.477933883666992188e+00 2.025157213211059570e+00 nan 3.949148681640625000e+03 3.052724914550781250e+02
-6.387674331665039062e+00 2.044138193130493164e+00 nan 3.923616699218750000e+03 3.050632934570312500e+02
-6.293464183807373047e+00 2.130769729614257812e+00 nan 3.899731445312500000e+03 3.049349670410156250e+02
-6.197519779205322266e+00 2.069377660751342773e+00 nan 3.875786621093750000e+03 3.048155212402343750e+02
-6.170951366424560547e+00 2.213628292083740234e+00 nan 3.850650634765625000e+03 3.045531921386718750e+02
-6.339019775390625000e+00 2.346549510955810547e+00 nan 3.824074218750000000e+03 3.040736389160156250e+02
-6.374750137329101562e+00 2.377749919891357422e+00 nan 3.799889160156250000e+03 3.037117004394531250e+02
-6.369903087615966797e+00 2.429816722869873047e+00 nan 3.777276123046875000e+03 3.035013427734375000e+02
-6.337269783020019531e+00 2.490769386291503906e+00 nan 3.751642578125000000e+03 3.032925415039062500e+02
-6.367153167724609375e+00 2.469927549362182617e+00 nan 3.725146240234375000e+03 3.029453430175781250e+02
-6.611610412597656250e+00 2.594524145126342773e+00 nan 3.699883300781250000e+03 3.023823242187500000e+02
-6.943812847137451172e+00 2.499899387359619141e+00 nan 3.676554687500000000e+03 3.017384643554687500e+02
-6.942813396453857422e+00 2.427067995071411133e+00 nan 3.654062500000000000e+03 3.014848327636718750e+02
-6.859498977661132812e+00 2.404532432556152344e+00 nan 3.629281250000000000e+03 3.013239440917968750e+02
-7.124629020690917969e+00 2.110886812210083008e+00 nan 3.602864501953125000e+03 3.007253723144531250e+02
-7.166766166687011719e+00 2.770504474639892578e+00 nan 3.577750732421875000e+03 3.003896789550781250e+02
-7.053599834442138672e+00 2.894382953643798828e+00 nan 3.555612792968750000e+03 3.002805786132812500e+02
-6.884922027587890625e+00 2.879621505737304688e+00 nan 3.532434814453125000e+03 3.002157897949218750e+02
-6.713925838470458984e+00 2.855057001113891602e+00 nan 3.506551025390625000e+03 3.001301269531250000e+02
-6.566709995269775391e+00 2.815095663070678711e+00 nan 3.482041503906250000e+03 3.000409851074218750e+02
-6.491096496582031250e+00 2.804342746734619141e+00 nan 3.458908691406250000e+03 2.998746643066406250e+02
-6.353186130523681641e+00 2.745663642883300781e+00 nan 3.435206298828125000e+03 2.997643737792968750e+02
-6.189680099487304688e+00 2.802524089813232422e+00 nan 3.410544677734375000e+03 2.996801757812500000e+02
-6.051079750061035156e+00 2.813868999481201172e+00 nan 3.388439941406250000e+03 2.995978393554687500e+02
-5.910763263702392578e+00 2.906089782714843750e+00 nan 3.365377929687500000e+03 2.995084533691406250e+02
-5.726045131683349609e+00 2.955407142639160156e+00 nan 3.341777343750000000e+03 2.994539184570312500e+02
-5.487379550933837891e+00 2.960723876953125000e+00 nan 3.318210937500000000e+03 2.994480590820312500e+02
-5.281653404235839844e+00 2.940592765808105469e+00 nan 3.295683105468750000e+03 2.994555664062500000e+02
-5.114855766296386719e+00 2.896548986434936523e+00 nan 3.273203369140625000e+03 2.993972473144531250e+02
-4.956271648406982422e+00 2.907952785491943359e+00 nan 3.249593017578125000e+03 2.993134765625000000e+02
-4.804745674133300781e+00 2.925953626632690430e+00 nan 3.225893798828125000e+03 2.992236938476562500e+02
-4.664172649383544922e+00 2.919082403182983398e+00 nan 3.202614257812500000e+03 2.991301269531250000e+02
-4.470282077789306641e+00 2.911364078521728516e+00 nan 3.179930664062500000e+03 2.991020202636718750e+02
-4.232388019561767578e+00 2.978376626968383789e+00 nan 3.157292968750000000e+03 2.991217041015625000e+02
-4.042664051055908203e+00 2.969486236572265625e+00 nan 3.133682861328125000e+03 2.990789794921875000e+02
-3.858685970306396484e+00 2.967034816741943359e+00 nan 3.110283447265625000e+03 2.990268249511718750e+02
-3.744151592254638672e+00 3.008052349090576172e+00 nan 3.088016357421875000e+03 2.989155883789062500e+02
-3.593651056289672852e+00 3.124826192855834961e+00 nan 3.064971191406250000e+03 2.988348999023437500e+02
-3.456992626190185547e+00 3.202215194702148438e+00 nan 3.043681152343750000e+03 2.987572631835937500e+02
-3.348023653030395508e+00 3.084588527679443359e+00 nan 3.020759277343750000e+03 2.986364135742187500e+02
-3.047388553619384766e+00 2.644259452819824219e+00 nan 2.998516113281250000e+03 2.987265014648437500e+02
-2.754962921142578125e+00 2.499108791351318359e+00 nan 2.974884521484375000e+03 2.987977294921875000e+02
-2.519610643386840820e+00 2.440954685211181641e+00 nan 2.950704345703125000e+03 2.987933654785156250e+02
-2.326941013336181641e+00 2.354354858398437500e+00 nan 2.930295898437500000e+03 2.987877807617187500e+02
-2.128686428070068359e+00 2.426071405410766602e+00 nan 2.907574462890625000e+03 2.987466735839843750e+02
-1.998309135437011719e+00 2.813145637512207031e+00 nan 2.884800292968750000e+03 2.986661987304687500e+02
-1.857507109642028809e+00 2.902473926544189453e+00 nan 2.864057373046875000e+03 2.985987548828125000e+02
-1.664963483810424805e+00 2.914270401000976562e+00 nan 2.840254882812500000e+03 2.985608215332031250e+02
-1.458889484405517578e+00 2.921064138412475586e+00 nan 2.816268554687500000e+03 2.985272521972656250e+02
-1.266963839530944824e+00 2.913574218750000000e+00 nan 2.795073730468750000e+03 2.985132446289062500e+02
-1.073955178260803223e+00 2.914099216461181641e+00 nan 2.774094238281250000e+03 2.985012207031250000e+02
-8.857669830322265625e-01 2.860698938369750977e+00 nan 2.750731933593750000e+03 2.984599609375000000e+02
-6.648302078247070312e-01 2.738104820251464844e+00 nan 2.727977050781250000e+03 2.984632568359375000e+02
-4.780377149581909180e-01 2.483937740325927734e+00 nan 2.707812988281250000e+03 2.984514465332031250e+02
-2.983848154544830322e-01 2.251429080963134766e+00 nan 2.686954589843750000e+03 2.984245300292968750e+02
-1.153149679303169250e-01 2.172559022903442383e+00 nan 2.663093994140625000e+03 2.983717956542968750e+02
2.760620228946208954e-02 1.930912256240844727e+00 nan 2.639734863281250000e+03 2.982953796386718750e+02
-4.677251726388931274e-02 1.882411479949951172e+00 nan 2.619594238281250000e+03 2.979843750000000000e+02
-2.618028596043586731e-02 2.297406196594238281e+00 nan 2.597354980468750000e+03 2.977721557617187500e+02
1.063717063516378403e-02 2.882797479629516602e+00 nan 2.574416259765625000e+03 2.975839843750000000e+02
-7.361829280853271484e-02 3.392997741699218750e+00 nan 2.553239257812500000e+03 2.972502441406250000e+02
-1.238265782594680786e-01 3.780471086502075195e+00 nan 2.531835937500000000e+03 2.969620971679687500e+02
-2.700756117701530457e-02 3.044331550598144531e+00 nan 2.510973632812500000e+03 2.968612670898437500e+02
1.741962730884552002e-01 2.203635692596435547e+00 nan 2.490066894531250000e+03 2.968601074218750000e+02
3.737859725952148438e-01 1.794984340667724609e+00 nan 2.469383056640625000e+03 2.968561401367187500e+02
4.252938032150268555e-01 1.620865941047668457e+00 nan 2.446395019531250000e+03 2.966667785644531250e+02
4.273296594619750977e-01 1.751920938491821289e+00 nan 2.423995849609375000e+03 2.964376220703125000e+02
5.372146368026733398e-01 1.891407608985900879e+00 nan 2.402992675781250000e+03 2.963349609375000000e+02
5.475145578384399414e-01 2.004719734191894531e+00 nan 2.381873779296875000e+03 2.961188964843750000e+02
5.915864706039428711e-01 1.933419466018676758e+00 nan 2.361678955078125000e+03 2.959577026367187500e+02
6.623092889785766602e-01 1.918966054916381836e+00 nan 2.341385253906250000e+03 2.958229064941406250e+02
8.038313388824462891e-01 1.715551614761352539e+00 nan 2.320184570312500000e+03 2.957511901855468750e+02
9.810020923614501953e-01 1.610361933708190918e+00 nan 2.299022460937500000e+03 2.957199707031250000e+02
1.082715272903442383e+00 1.538226604461669922e+00 nan 2.278452880859375000e+03 2.956199340820312500e+02
1.096284627914428711e+00 1.790157079696655273e+00 nan 2.258201660156250000e+03 2.954179077148437500e+02
1.138134717941284180e+00 2.230149507522583008e+00 nan 2.235498291015625000e+03 2.952247009277343750e+02
1.199654102325439453e+00 2.275945663452148438e+00 nan 2.214881835937500000e+03 2.950756225585937500e+02
1.331359386444091797e+00 2.289686679840087891e+00 nan 2.196588378906250000e+03 2.950257568359375000e+02
1.471492528915405273e+00 2.337344169616699219e+00 nan 2.175681152343750000e+03 2.949560241699218750e+02
1.563785552978515625e+00 2.336119890213012695e+00 nan 2.152780029296875000e+03 2.948142700195312500e+02
1.714903593063354492e+00 2.327984809875488281e+00 nan 2.130144775390625000e+03 2.947445068359375000e+02
1.822331070899963379e+00 2.391070842742919922e+00 nan 2.109608398437500000e+03 2.946439208984375000e+02
1.929583668708801270e+00 2.400973796844482422e+00 nan 2.088896484375000000e+03 2.945433959960937500e+02
2.083922386169433594e+00 2.428464651107788086e+00 nan 2.068966796875000000e+03 2.945043334960937500e+02
2.239631652832031250e+00 2.485080242156982422e+00 nan 2.049051757812500000e+03 2.944675292968750000e+02
2.391931056976318359e+00 2.520485401153564453e+00 nan 2.028464355468750000e+03 2.944135742187500000e+02
2.486366748809814453e+00 2.499863386154174805e+00 nan 2.007589233398437500e+03 2.943156127929687500e+02
2.437423706054687500e+00 2.541816711425781250e+00 nan 1.987082763671875000e+03 2.940252990722656250e+02
2.457649230957031250e+00 2.511914968490600586e+00 nan 1.967140869140625000e+03 2.938447265625000000e+02
2.420289993286132812e+00 2.477126121520996094e+00 nan 1.946625366210937500e+03 2.935839233398437500e+02
2.351540565490722656e+00 2.453114748001098633e+00 nan 1.927993041992187500e+03 2.933065795898437500e+02
2.396808147430419922e+00 2.451922893524169922e+00 nan 1.909509765625000000e+03 2.931702575683593750e+02
2.504099845886230469e+00 2.278303623199462891e+00 nan 1.889150390625000000e+03 2.930756835937500000e+02
2.594327926635742188e+00 2.205271959304809570e+00 nan 1.868568725585937500e+03 2.929607238769531250e+02
2.653907299041748047e+00 2.184314489364624023e+00 nan 1.847757202148437500e+03 2.928146972656250000e+02
2.585413455963134766e+00 2.440461397171020508e+00 nan 1.827436523437500000e+03 2.925220947265625000e+02
2.538995265960693359e+00 2.535907268524169922e+00 nan 1.807656250000000000e+03 2.922750549316406250e+02
2.570134639739990234e+00 2.546714305877685547e+00 nan 1.787721679687500000e+03 2.921050415039062500e+02
2.598302364349365234e+00 2.590914249420166016e+00 nan 1.767496826171875000e+03 2.919247436523437500e+02
2.588961601257324219e+00 2.598288536071777344e+00 nan 1.749369628906250000e+03 2.917307739257812500e+02
2.553240776062011719e+00 2.660214662551879883e+00 nan 1.731177124023437500e+03 2.915033569335937500e+02
2.562402248382568359e+00 2.605584621429443359e+00 nan 1.710757324218750000e+03 2.913070373535156250e+02
2.591647148132324219e+00 2.742408752441406250e+00 nan 1.690695312500000000e+03 2.911293945312500000e+02
2.679295778274536133e+00 2.934116840362548828e+00 nan 1.670326538085937500e+03 2.910110473632812500e+02
2.691705226898193359e+00 2.837369680404663086e+00 nan 1.649727783203125000e+03 2.908126220703125000e+02
2.667059659957885742e+00 3.051036596298217773e+00 nan 1.631648681640625000e+03 2.905994262695312500e+02
2.680756092071533203e+00 3.220212697982788086e+00 nan 1.613577148437500000e+03 2.904313354492187500e+02
2.685946464538574219e+00 3.782730579376220703e+00 nan 1.593104492187500000e+03 2.902250061035156250e+02
2.717188358306884766e+00 4.096608638763427734e+00 nan 1.572680908203125000e+03 2.900539245605468750e+02
2.761596679687500000e+00 4.285506725311279297e+00 nan 1.552422851562500000e+03 2.898890991210937500e+02
2.808096885681152344e+00 4.270922183990478516e+00 nan 1.525160400390625000e+03 2.897014160156250000e+02
2.655527830123901367e+00 3.252629518508911133e+00 nan 1.513427001953125000e+03 2.894257507324218750e+02
2.773249149322509766e+00 2.829206466674804688e+00 nan 1.493909301757812500e+03 2.893267822265625000e+02
2.883380174636840820e+00 2.778184652328491211e+00 nan 1.474508544921875000e+03 2.892425842285156250e+02
2.916126012802124023e+00 2.886929273605346680e+00 nan 1.457235351562500000e+03 2.891027221679687500e+02
2.836287021636962891e+00 3.223480701446533203e+00 nan 1.437727783203125000e+03 2.888167114257812500e+02
2.657821655273437500e+00 3.618913650512695312e+00 nan 1.417760498046875000e+03 2.884262084960937500e+02
2.581344604492187500e+00 3.719377279281616211e+00 nan 1.397500610351562500e+03 2.881372680664062500e+02
2.604063749313354492e+00 3.663869380950927734e+00 nan 1.379364501953125000e+03 2.879862976074218750e+02
2.622859954833984375e+00 3.427373647689819336e+00 nan 1.360929443359375000e+03 2.878173522949218750e+02
2.652651071548461914e+00 2.997699975967407227e+00 nan 1.342612060546875000e+03 2.876576232910156250e+02
2.645261526107788086e+00 1.976275801658630371e+00 nan 1.324660156250000000e+03 2.874708862304687500e+02
2.521657943725585938e+00 2.481041908264160156e+00 nan 1.304563964843750000e+03 2.871367797851562500e+02
2.480596065521240234e+00 2.966226339340209961e+00 nan 1.284542968750000000e+03 2.868953552246093750e+02
2.511678934097290039e+00 2.980531692504882812e+00 nan 1.266973388671875000e+03 2.867474365234375000e+02
2.561702251434326172e+00 3.293117523193359375e+00 nan 1.249281250000000000e+03 2.866220397949218750e+02
2.651092052459716797e+00 3.413355827331542969e+00 nan 1.229099121093750000e+03 2.865105895996093750e+02
2.777472972869873047e+00 3.406739473342895508e+00 nan 1.211949951171875000e+03 2.864687194824218750e+02
2.772614479064941406e+00 3.427084922790527344e+00 nan 1.194722290039062500e+03 2.862857055664062500e+02
2.844254732131958008e+00 2.650174379348754883e+00 nan 1.175020263671875000e+03 2.861638793945312500e+02
2.905075073242187500e+00 2.964062213897705078e+00 nan 1.155462890625000000e+03 2.860396728515625000e+02
2.872252464294433594e+00 3.180478334426879883e+00 nan 1.137509765625000000e+03 2.858149108886718750e+02
2.786032199859619141e+00 3.224714279174804688e+00 nan 1.119341796875000000e+03 2.855434875488281250e+02
2.804764270782470703e+00 3.248542070388793945e+00 nan 1.101879150390625000e+03 2.853847656250000000e+02
nan nan nan nan nan
nan nan nan nan nan
nan nan nan nan nan
nan nan nan nan nan
nan nan nan nan nan
nan nan nan nan nan
nan nan nan nan nan
nan nan nan nan nan
nan nan nan nan nan
nan nan nan nan nan
nan nan nan nan nan
nan nan nan nan nan
nan nan nan nan nan
nan nan nan nan nan
nan nan nan nan nan
nan nan nan nan nan
nan nan nan nan nan
nan nan nan nan nan
nan nan nan nan nan
nan nan nan nan nan
nan nan nan nan nan
nan nan nan nan nan
nan nan nan nan nan
nan nan nan nan nan
nan nan nan nan nan
nan nan nan nan nan
nan nan nan nan nan
nan nan nan nan nan
nan nan nan nan nan
nan nan nan nan nan
nan nan nan nan nan
nan nan nan nan nan
nan nan nan nan nan
nan nan nan nan nan
nan nan nan nan nan
nan nan nan nan nan
nan nan nan nan nan
nan nan nan nan nan
nan nan nan nan nan
nan nan nan nan nan
nan nan nan nan nan
nan nan nan nan nan
nan nan nan nan nan
nan nan nan nan nan
nan nan nan nan nan
nan nan nan nan nan
nan nan nan nan nan
nan nan nan nan nan
nan nan nan nan nan
nan nan nan nan nan
nan nan nan nan nan
nan nan nan nan nan
nan nan nan nan nan
nan nan nan nan nan
nan nan nan nan nan
nan nan nan nan nan
nan nan nan nan nan
nan nan nan nan nan
nan nan nan nan nan
