nan nan nan nan nan
nan nan nan nan nan
nan nan nan nan nan
nan nan nan nan nan
nan nan nan nan nan
nan nan nan nan nan
nan nan nan nan nan
nan nan nan nan nan
nan nan nan nan nan
nan nan nan nan nan
nan nan nan nan nan
nan nan nan nan nan
nan nan nan nan nan
nan nan nan nan nan
nan nan nan nan nan
nan nan nan nan nan
nan nan nan nan nan
nan nan nan nan nan
nan nan nan nan nan
nan nan nan nan nan
nan nan nan nan nan
nan nan nan nan nan
nan nan nan nan nan
nan nan nan nan nan
nan nan nan nan nan
nan nan nan nan nan
nan nan nan nan nan
nan nan nan nan nan
nan nan nan nan nan
nan nan nan nan nan
nan nan nan nan nan
nan nan nan nan nan
nan nan nan nan nan
-1.592860126495361328e+01 6.772584915161132812e-01 nan 6.329802734375000000e+03 3.197435302734375000e+02
-1.581081199645996094e+01 6.827391386032104492e-01 nan 6.299846191406250000e+03 3.195543212890625000e+02
-1.549912834167480469e+01 6.871715784072875977e-01 nan 6.265937500000000000e+03 3.195180664062500000e+02
-1.524495410919189453e+01 7.362115979194641113e-01 nan 6.229487304687500000e+03 3.193942565917968750e+02
-1.503756713867187500e+01 7.573734521865844727e-01 nan 6.200178710937500000e+03 3.192993469238281250e+02
-1.482711887359619141e+01 7.664622068405151367e-01 nan 6.170243652343750000e+03 3.191871337890625000e+02
-1.461837100982666016e+01 7.658421397209167480e-01 nan 6.134984375000000000e+03 3.190274963378906250e+02
-1.442132759094238281e+01 7.738054394721984863e-01 nan 6.101140625000000000e+03 3.188626098632812500e+02
-1.418914794921875000e+01 7.338365912437438965e-01 nan 6.068741699218750000e+03 3.187616577148437500e+02
-1.391454124450683594e+01 7.612025141716003418e-01 nan 6.037458496093750000e+03 3.187202453613281250e+02
-1.371230316162109375e+01 7.355989217758178711e-01 nan 6.007374511718750000e+03 3.186075134277343750e+02
-1.345676708221435547e+01 6.626899838447570801e-01 nan 5.977859863281250000e+03 3.185701293945312500e+02
-1.322698497772216797e+01 6.126556992530822754e-01 nan 5.947115722656250000e+03 3.184802246093750000e+02
-1.297101879119873047e+01 6.379908323287963867e-01 nan 5.915291015625000000e+03 3.184154968261718750e+02
-1.274104881286621094e+01 6.744090914726257324e-01 nan 5.883341796875000000e+03 3.183159484863281250e+02
-1.256488990783691406e+01 6.884301900863647461e-01 nan 5.856491210937500000e+03 3.182142944335937500e+02
-1.232263851165771484e+01 6.885743737220764160e-01 nan 5.828437011718750000e+03 3.181803894042968750e+02
-1.206430339813232422e+01 6.696239113807678223e-01 nan 5.793583984375000000e+03 3.180763854980468750e+02
-1.186996841430664062e+01 6.962211132049560547e-01 nan 5.764756835937500000e+03 3.179704895019531250e+02
-1.171222400665283203e+01 6.083921790122985840e-01 nan 5.737395996093750000e+03 3.178390808105468750e+02
-1.144958782196044922e+01 6.485809683799743652e-01 nan 5.706360351562500000e+03 3.177874145507812500e+02
-1.119715690612792969e+01 6.239450573921203613e-01 nan 5.676445800781250000e+03 3.177412719726562500e+02
-1.090964031219482422e+01 5.814517140388488770e-01 nan 5.646298828125000000e+03 3.177324523925781250e+02
-1.066042995452880859e+01 3.807272017002105713e-01 nan 5.614213378906250000e+03 3.176573181152343750e+02
-1.045927906036376953e+01 3.668909966945648193e-01 nan 5.580096679687500000e+03 3.174902648925781250e+02
-1.036795806884765625e+01 4.697769880294799805e-01 nan 5.550839355468750000e+03 3.172567138671875000e+02
-1.018062973022460938e+01 5.686743855476379395e-01 nan 5.521494140625000000e+03 3.171396789550781250e+02
-9.960681915283203125e+00 6.090161800384521484e-01 nan 5.492428222656250000e+03 3.170650024414062500e+02
-9.742462158203125000e+00 5.678869485855102539e-01 nan 5.463530273437500000e+03 3.169913635253906250e+02
-9.605613708496093750e+00 4.784016609191894531e-01 nan 5.434804199218750000e+03 3.168129882812500000e+02
-9.560889244079589844e+00 5.273721814155578613e-01 nan 5.405689941406250000e+03 3.165236511230468750e+02
-9.429108619689941406e+00 6.566600799560546875e-01 nan 5.376063476562500000e+03 3.163404541015625000e+02
-9.277332305908203125e+00 6.201022863388061523e-01 nan 5.346213378906250000e+03 3.161768493652343750e+02
-9.081175804138183594e+00 6.042406558990478516e-01 nan 5.316221679687500000e+03 3.160606689453125000e+02
-8.901128768920898438e+00 7.045561075210571289e-01 nan 5.291822265625000000e+03 3.159852294921875000e+02
-8.674820899963378906e+00 7.680749893188476562e-01 nan 5.260867675781250000e+03 3.158990478515625000e+02
-8.469491004943847656e+00 7.205443382263183594e-01 nan 5.229981933593750000e+03 3.157817993164062500e+02
-8.314231872558593750e+00 7.476883530616760254e-01 nan 5.205791992187500000e+03 3.156837768554687500e+02
-8.094956398010253906e+00 8.381523489952087402e-01 nan 5.176470703125000000e+03 3.156003112792968750e+02
-7.816578865051269531e+00 8.766033053398132324e-01 nan 5.142900390625000000e+03 3.155467529296875000e+02
-7.535151481628417969e+00 8.772379159927368164e-01 nan 5.115180664062500000e+03 3.155576782226562500e+02
-7.284299373626708984e+00 8.792983889579772949e-01 nan 5.087514648437500000e+03 3.155329589843750000e+02
-7.040641784667968750e+00 8.796445131301879883e-01 nan 5.059761718750000000e+03 3.155006713867187500e+02
-6.808930873870849609e+00 8.839028477668762207e-01 nan 5.031887695312500000e+03 3.154570312500000000e+02
-6.551984786987304688e+00 8.736560940742492676e-01 nan 5.003753906250000000e+03 3.154374389648437500e+02
-6.283904075622558594e+00 8.509995341300964355e-01 nan 4.974948730468750000e+03 3.154280090332031250e+02
-5.999965667724609375e+00 8.116628527641296387e-01 nan 4.944772949218750000e+03 3.154083557128906250e+02
-5.799941539764404297e+00 8.414007425308227539e-01 nan 4.919975585937500000e+03 3.153560180664062500e+02
-5.599542617797851562e+00 8.638300299644470215e-01 nan 4.895093750000000000e+03 3.153074951171875000e+02
-5.356927394866943359e+00 7.270127534866333008e-01 nan 4.864156738281250000e+03 3.152372436523437500e+02
-5.109849929809570312e+00 7.920986413955688477e-01 nan 4.833644531250000000e+03 3.151796264648437500e+02
-4.903995513916015625e+00 7.485730648040771484e-01 nan 4.809173828125000000e+03 3.151434936523437500e+02
-4.692495822906494141e+00 6.594651937484741211e-01 nan 4.784226074218750000e+03 3.151007080078125000e+02
-4.520243644714355469e+00 5.840446352958679199e-01 nan 4.758603027343750000e+03 3.150123291015625000e+02
-4.393108367919921875e+00 6.262671351432800293e-01 nan 4.726549804687500000e+03 3.147923583984375000e+02
-4.303287982940673828e+00 6.829500198364257812e-01 nan 4.695928710937500000e+03 3.145447387695312500e+02
-4.210355758666992188e+00 1.020352602005004883e+00 nan 4.672336914062500000e+03 3.143867187500000000e+02
-4.075704574584960938e+00 1.051541566848754883e+00 nan 4.643296386718750000e+03 3.142178039550781250e+02
-3.933041572570800781e+00 1.057424306869506836e+00 nan 4.614257812500000000e+03 3.140508422851562500e+02
-3.813917160034179688e+00 1.078966617584228516e+00 nan 4.591149902343750000e+03 3.139281005859375000e+02
-3.574798822402954102e+00 1.056741237640380859e+00 nan 4.562372558593750000e+03 3.138836059570312500e+02
-3.302338123321533203e+00 1.070656538009643555e+00 nan 4.533133300781250000e+03 3.138713378906250000e+02
-3.110371112823486328e+00 9.910231828689575195e-01 nan 4.508717773437500000e+03 3.138161621093750000e+02
-2.933772087097167969e+00 9.992169141769409180e-01 nan 4.483416015625000000e+03 3.137311401367187500e+02
-2.738060951232910156e+00 1.051572084426879883e+00 nan 4.457072265625000000e+03 3.136610717773437500e+02
-2.539016962051391602e+00 1.047926664352416992e+00 nan 4.429754882812500000e+03 3.135803527832031250e+02
-2.369544029235839844e+00 1.099478721618652344e+00 nan 4.402292480468750000e+03 3.134643859863281250e+02
-2.195291280746459961e+00 1.100520014762878418e+00 nan 4.375538085937500000e+03 3.133615722656250000e+02
-2.088855743408203125e+00 1.031713724136352539e+00 nan 4.349375000000000000e+03 3.131967163085937500e+02
-1.920770883560180664e+00 1.275918960571289062e+00 nan 4.323041015625000000e+03 3.130930175781250000e+02
-1.698595046997070312e+00 1.307022094726562500e+00 nan 4.295533203125000000e+03 3.130393066406250000e+02
-1.489902734756469727e+00 1.301752805709838867e+00 nan 4.267025878906250000e+03 3.129561157226562500e+02
-1.350975275039672852e+00 1.294664025306701660e+00 nan 4.245662597656250000e+03 3.128645019531250000e+02
-1.215065956115722656e+00 1.260966658592224121e+00 nan 4.224504882812500000e+03 3.127875976562500000e+02
-9.982649683952331543e-01 1.186781883239746094e+00 nan 4.196342773437500000e+03 3.127197265625000000e+02
-8.042323589324951172e-01 1.153111815452575684e+00 nan 4.168168945312500000e+03 3.126268920898437500e+02
-6.770336627960205078e-01 1.160439968109130859e+00 nan 4.140413085937500000e+03 3.124580383300781250e+02
-5.669108629226684570e-01 1.160679101943969727e+00 nan 4.113885253906250000e+03 3.122916564941406250e+02
-4.154696166515350342e-01 1.154152035713195801e+00 nan 4.089085449218750000e+03 3.121884460449218750e+02
-2.414650917053222656e-01 1.170171737670898438e+00 nan 4.065619628906250000e+03 3.121310424804687500e+02
-3.144525364041328430e-02 1.165030479431152344e+00 nan 4.042290527343750000e+03 3.121104736328125000e+02
1.841610372066497803e-01 1.054356813430786133e+00 nan 4.018590820312500000e+03 3.120946960449218750e+02
3.672811388969421387e-01 9.616862535476684570e-01 nan 3.994639160156250000e+03 3.120328369140625000e+02
5.572460293769836426e-01 9.230977892875671387e-01 nan 3.964830078125000000e+03 3.119147644042968750e+02
8.057702779769897461e-01 8.754890561103820801e-01 nan 3.934296386718750000e+03 3.118617553710937500e+02
9.919319152832031250e-01 8.990389704704284668e-01 nan 3.908805664062500000e+03 3.117912292480468750e+02
1.113507747650146484e+00 8.933407068252563477e-01 nan 3.889179931640625000e+03 3.117096252441406250e+02
1.187768697738647461e+00 8.809065818786621094e-01 nan 3.869600097656250000e+03 3.115679931640625000e+02
1.212958812713623047e+00 9.189807772636413574e-01 nan 3.844362792968750000e+03 3.113196716308593750e+02
1.303213000297546387e+00 8.399994373321533203e-01 nan 3.813819091796875000e+03 3.110878906250000000e+02
1.360416889190673828e+00 8.598697781562805176e-01 nan 3.782911621093750000e+03 3.108207397460937500e+02
1.483448266983032227e+00 8.891156315803527832e-01 nan 3.763628906250000000e+03 3.107493896484375000e+02
1.580151915550231934e+00 8.938052654266357422e-01 nan 3.743540527343750000e+03 3.106291503906250000e+02
1.621017336845397949e+00 9.377551078796386719e-01 nan 3.716723632812500000e+03 3.103816528320312500e+02
1.580799818038940430e+00 1.028230190277099609e+00 nan 3.690865234375000000e+03 3.100469665527343750e+02
1.630798101425170898e+00 1.016723155975341797e+00 nan 3.666607177734375000e+03 3.098396606445312500e+02
1.740040779113769531e+00 9.862095117568969727e-01 nan 3.643545654296875000e+03 3.097129516601562500e+02
1.781351447105407715e+00 9.637749195098876953e-01 nan 3.615491210937500000e+03 3.094615478515625000e+02
1.687030673027038574e+00 9.815465211868286133e-01 nan 3.586359619140625000e+03 3.090325622558593750e+02
1.607512235641479492e+00 1.002517700195312500e+00 nan 3.562011230468750000e+03 3.086758422851562500e+02
1.470876455307006836e+00 1.097783565521240234e+00 nan 3.536637207031250000e+03 3.082477111816406250e+02
1.474495053291320801e+00 1.145626187324523926e+00 nan 3.517061035156250000e+03 3.080388183593750000e+02
1.508625984191894531e+00 1.159414768218994141e+00 nan 3.497019531250000000e+03 3.078578491210937500e+02
1.557308673858642578e+00 1.182391405105590820e+00 nan 3.469743164062500000e+03 3.076105957031250000e+02
1.573429584503173828e+00 1.227485179901123047e+00 nan 3.442229492187500000e+03 3.073269958496093750e+02
1.576123714447021484e+00 1.246607542037963867e+00 nan 3.421987060546875000e+03 3.071054382324218750e+02
1.666440129280090332e+00 1.208747625350952148e+00 nan 3.402437500000000000e+03 3.069915466308593750e+02
1.812119364738464355e+00 1.178876161575317383e+00 nan 3.377763671875000000e+03 3.068812255859375000e+02
1.937075376510620117e+00 1.128805994987487793e+00 nan 3.355008300781250000e+03 3.067731323242187500e+02
2.082314729690551758e+00 1.067944049835205078e+00 nan 3.329500976562500000e+03 3.066632385253906250e+02
2.223124980926513672e+00 1.107278108596801758e+00 nan 3.302514404296875000e+03 3.065241699218750000e+02
2.374392032623291016e+00 1.143801331520080566e+00 nan 3.279102050781250000e+03 3.064407958984375000e+02
2.466847658157348633e+00 1.139209151268005371e+00 nan 3.258472656250000000e+03 3.063159484863281250e+02
2.545373201370239258e+00 1.137975692749023438e+00 nan 3.232334716796875000e+03 3.061203918457031250e+02
2.705825567245483398e+00 1.155099511146545410e+00 nan 3.211410644531250000e+03 3.061131896972656250e+02
3.015179157257080078e+00 1.192760586738586426e+00 nan 3.186812500000000000e+03 3.061838684082031250e+02
3.218677997589111328e+00 1.157899141311645508e+00 nan 3.161585449218750000e+03 3.061523132324218750e+02
3.432456493377685547e+00 1.171142816543579102e+00 nan 3.136505126953125000e+03 3.061070556640625000e+02
3.582767248153686523e+00 1.223567843437194824e+00 nan 3.115885742187500000e+03 3.060380859375000000e+02
3.721426010131835938e+00 1.244220018386840820e+00 nan 3.094629150390625000e+03 3.059544067382812500e+02
3.891765356063842773e+00 1.261811852455139160e+00 nan 3.073296386718750000e+03 3.059148254394531250e+02
4.072466373443603516e+00 1.271266222000122070e+00 nan 3.052226318359375000e+03 3.058865966796875000e+02
4.322750091552734375e+00 1.274765014648437500e+00 nan 3.024645507812500000e+03 3.058608093261718750e+02
4.492839813232421875e+00 1.271719217300415039e+00 nan 3.004296142578125000e+03 3.058322143554687500e+02
4.654149532318115234e+00 1.275156736373901367e+00 nan 2.984201904296875000e+03 3.057984619140625000e+02
4.858111381530761719e+00 1.287245750427246094e+00 nan 2.957430664062500000e+03 3.057443237304687500e+02
5.067212104797363281e+00 1.268409490585327148e+00 nan 2.929913085937500000e+03 3.056898193359375000e+02
5.213878154754638672e+00 1.307104706764221191e+00 nan 2.908246582031250000e+03 3.056194763183593750e+02
5.343929767608642578e+00 1.344206690788269043e+00 nan 2.885330810546875000e+03 3.055134887695312500e+02
5.508557796478271484e+00 1.358254075050354004e+00 nan 2.861741210937500000e+03 3.054369812011718750e+02
5.636125087738037109e+00 1.360260128974914551e+00 nan 2.845640136718750000e+03 3.054029541015625000e+02
5.810103893280029297e+00 1.357737541198730469e+00 nan 2.821205566406250000e+03 3.053274841308593750e+02
5.991780281066894531e+00 1.364085793495178223e+00 nan 2.796777587890625000e+03 3.052585754394531250e+02
6.089058876037597656e+00 1.368159174919128418e+00 nan 2.780665039062500000e+03 3.051898193359375000e+02
6.206816673278808594e+00 1.393559932708740234e+00 nan 2.756873535156250000e+03 3.050731506347656250e+02
6.346217155456542969e+00 1.407065987586975098e+00 nan 2.733474609375000000e+03 3.049868774414062500e+02
6.521866798400878906e+00 1.414906144142150879e+00 nan 2.710131103515625000e+03 3.049309692382812500e+02
6.669494628906250000e+00 1.436165452003479004e+00 nan 2.686571777343750000e+03 3.048428649902343750e+02
6.805993080139160156e+00 1.387732028961181641e+00 nan 2.662527587890625000e+03 3.047359008789062500e+02
6.939426898956298828e+00 1.346398353576660156e+00 nan 2.638153564453125000e+03 3.046192932128906250e+02
7.030590534210205078e+00 1.337259531021118164e+00 nan 2.621719726562500000e+03 3.045432434082031250e+02
7.139782905578613281e+00 1.363364934921264648e+00 nan 2.596940673828125000e+03 3.043923339843750000e+02
7.252904891967773438e+00 1.388027906417846680e+00 nan 2.572095458984375000e+03 3.042451782226562500e+02
7.329435348510742188e+00 1.407176613807678223e+00 nan 2.555753417968750000e+03 3.041548156738281250e+02
7.420080661773681641e+00 1.412077784538269043e+00 nan 2.539621582031250000e+03 3.040766906738281250e+02
7.559750556945800781e+00 1.321996450424194336e+00 nan 2.515979003906250000e+03 3.039707641601562500e+02
7.685016632080078125e+00 1.292516589164733887e+00 nan 2.493052734375000000e+03 3.038592224121093750e+02
7.777055263519287109e+00 1.260303497314453125e+00 nan 2.471248535156250000e+03 3.037261047363281250e+02
7.888662338256835938e+00 1.268970012664794922e+00 nan 2.450298828125000000e+03 3.036244812011718750e+02
7.968186378479003906e+00 1.253767251968383789e+00 nan 2.430537841796875000e+03 3.034966125488281250e+02
8.045835494995117188e+00 1.242537260055541992e+00 nan 2.405316650390625000e+03 3.033163452148437500e+02
8.090309143066406250e+00 1.254093885421752930e+00 nan 2.381116943359375000e+03 3.031177368164062500e+02
8.175737380981445312e+00 1.314657092094421387e+00 nan 2.363043945312500000e+03 3.030246887207031250e+02
8.230298995971679688e+00 1.375968694686889648e+00 nan 2.344645019531250000e+03 3.028917846679687500e+02
8.325231552124023438e+00 1.369720220565795898e+00 nan 2.319594238281250000e+03 3.027247314453125000e+02
8.361696243286132812e+00 1.367268562316894531e+00 nan 2.300500244140625000e+03 3.025630187988281250e+02
8.406916618347167969e+00 1.328049898147583008e+00 nan 2.281481201171875000e+03 3.024087829589843750e+02
8.465677261352539062e+00 1.296513676643371582e+00 nan 2.256415283203125000e+03 3.022202148437500000e+02
8.550889015197753906e+00 1.258581161499023438e+00 nan 2.231633544921875000e+03 3.020586547851562500e+02
8.609034538269042969e+00 1.240982890129089355e+00 nan 2.212930664062500000e+03 3.019280090332031250e+02
8.719131469726562500e+00 1.085453510284423828e+00 nan 2.193406738281250000e+03 3.018431396484375000e+02
8.746822357177734375e+00 1.143438816070556641e+00 nan 2.173487304687500000e+03 3.016651306152343750e+02
8.742061614990234375e+00 1.206783890724182129e+00 nan 2.152989990234375000e+03 3.014468078613281250e+02
8.745359420776367188e+00 1.083370804786682129e+00 nan 2.132107421875000000e+03 3.012245178222656250e+02
8.708702087402343750e+00 9.053664207458496094e-01 nan 2.110972167968750000e+03 3.009613647460937500e+02
8.664292335510253906e+00 nan nan 2.089800048828125000e+03 3.007049865722656250e+02
8.629975318908691406e+00 8.693574070930480957e-01 nan 2.068660156250000000e+03 3.004393005371093750e+02
8.663106918334960938e+00 9.025533199310302734e-01 nan 2.047547485351562500e+03 3.002615661621093750e+02
8.683562278747558594e+00 9.130625724792480469e-01 nan 2.026354736328125000e+03 3.000662536621093750e+02
8.702446937561035156e+00 9.831685423851013184e-01 nan 2.005284667968750000e+03 2.998624267578125000e+02
8.743937492370605469e+00 1.083714962005615234e+00 nan 1.984256103515625000e+03 2.996880493164062500e+02
8.796344757080078125e+00 1.134180665016174316e+00 nan 1.963212280273437500e+03 2.995282592773437500e+02
8.834468841552734375e+00 1.190242052078247070e+00 nan 1.942057128906250000e+03 2.993528137207031250e+02
8.844511985778808594e+00 1.227901816368103027e+00 nan 1.920738525390625000e+03 2.991399536132812500e+02
8.840015411376953125e+00 1.295609116554260254e+00 nan 1.906578613281250000e+03 2.989917907714843750e+02
8.817501068115234375e+00 1.322117328643798828e+00 nan 1.885182861328125000e+03 2.987540283203125000e+02
8.829358100891113281e+00 1.320496559143066406e+00 nan 1.863506713867187500e+03 2.985402832031250000e+02
8.730855941772460938e+00 1.324717521667480469e+00 nan 1.841457763671875000e+03 2.982083129882812500e+02
8.626661300659179688e+00 1.356814146041870117e+00 nan 1.819274414062500000e+03 2.978659057617187500e+02
8.581357002258300781e+00 1.391001820564270020e+00 nan 1.804390625000000000e+03 2.976661071777343750e+02
8.451660156250000000e+00 1.410466670989990234e+00 nan 1.781734741210937500e+03 2.972983398437500000e+02
8.237243652343750000e+00 1.418545007705688477e+00 nan 1.758628417968750000e+03 2.968423156738281250e+02
8.124870300292968750e+00 1.536991953849792480e+00 nan 1.742741333007812500e+03 2.965658874511718750e+02
8.050839424133300781e+00 1.512543916702270508e+00 nan 1.726401245117187500e+03 2.963154907226562500e+02
7.868669509887695312e+00 1.563361167907714844e+00 nan 1.701349121093750000e+03 2.958700561523437500e+02
7.675756931304931641e+00 1.637348532676696777e+00 nan 1.675839233398437500e+03 2.954090881347656250e+02
7.557727813720703125e+00 1.707899689674377441e+00 nan 1.658566040039062500e+03 2.951083374023437500e+02
7.464141845703125000e+00 1.701990246772766113e+00 nan 1.641011474609375000e+03 2.948432006835937500e+02
7.377996921539306641e+00 1.803929567337036133e+00 nan 1.623008911132812500e+03 2.945603942871093750e+02
7.279841899871826172e+00 1.816339492797851562e+00 nan 1.604417480468750000e+03 2.942225952148437500e+02
7.202648639678955078e+00 1.847081661224365234e+00 nan 1.585300659179687500e+03 2.939430236816406250e+02
7.061222076416015625e+00 1.909180045127868652e+00 nan 1.565838623046875000e+03 2.935982666015625000e+02
6.865009307861328125e+00 2.015134811401367188e+00 nan 1.546185302734375000e+03 2.931817321777343750e+02
6.596020221710205078e+00 2.121102094650268555e+00 nan 1.526862548828125000e+03 2.926924743652343750e+02
6.148312091827392578e+00 2.235767364501953125e+00 nan 1.508517700195312500e+03 2.920386352539062500e+02
5.400835990905761719e+00 2.352773904800415039e+00 nan 1.491364990234375000e+03 2.910844726562500000e+02
3.382307052612304688e+00 2.804930210113525391e+00 nan 1.467880859375000000e+03 2.887839355468750000e+02
1.401824355125427246e+00 3.985517024993896484e+00 nan 1.445199218750000000e+03 2.865431518554687500e+02
1.323819994926452637e+00 4.572395801544189453e+00 5.296204686164855957e-01 1.429867919921875000e+03 2.863456115722656250e+02
1.517582416534423828e+00 4.657384872436523438e+00 4.802111387252807617e-01 1.406320190429687500e+03 2.862840576171875000e+02
1.608969569206237793e+00 4.784796714782714844e+00 nan 1.383237182617187500e+03 2.861277160644531250e+02
1.607536077499389648e+00 4.643239498138427734e+00 4.270799458026885986e-01 1.368514526367187500e+03 2.859808349609375000e+02
1.709789276123046875e+00 4.722787857055664062e+00 nan 1.354292846679687500e+03 2.859215393066406250e+02
1.890702962875366211e+00 4.813819885253906250e+00 4.077444672584533691e-01 1.333574707031250000e+03 2.859259643554687500e+02
1.974179029464721680e+00 4.821806907653808594e+00 nan 1.312813110351562500e+03 2.858382873535156250e+02
2.109533548355102539e+00 4.816471099853515625e+00 3.163194656372070312e-01 1.291420410156250000e+03 2.857517089843750000e+02
2.211007595062255859e+00 4.935513019561767578e+00 2.823839187622070312e-01 1.269873657226562500e+03 2.856440734863281250e+02
2.340548276901245117e+00 4.899406433105468750e+00 2.115895599126815796e-01 1.255875122070312500e+03 2.856527099609375000e+02
2.386728286743164062e+00 5.000093460083007812e+00 1.955530643463134766e-01 1.235507812500000000e+03 2.854719238281250000e+02
2.508518934249877930e+00 4.977412700653076172e+00 1.490614861249923706e-01 1.215659545898437500e+03 2.853914794921875000e+02
2.575073719024658203e+00 4.843571662902832031e+00 1.260345429182052612e-01 1.202448608398437500e+03 2.853177490234375000e+02
2.677278280258178711e+00 3.789773702621459961e+00 1.255460679531097412e-01 1.189394042968750000e+03 2.852950744628906250e+02
2.790990829467773438e+00 3.876039981842041016e+00 1.062822639942169189e-01 1.169840820312500000e+03 2.851927185058593750e+02
2.898615837097167969e+00 3.886689186096191406e+00 9.470971673727035522e-02 1.150700073242187500e+03 2.850859985351562500e+02
2.998746871948242188e+00 3.926131486892700195e+00 6.291358172893524170e-02 1.138402954101562500e+03 2.850539245605468750e+02
3.053548336029052734e+00 3.953061580657958984e+00 3.989490121603012085e-02 1.120995971679687500e+03 2.849268188476562500e+02
3.183866024017333984e+00 3.978437423706054688e+00 nan 1.099566528320312500e+03 2.848496704101562500e+02
3.310820341110229492e+00 4.010416030883789062e+00 nan 1.084329711914062500e+03 2.848056335449218750e+02
3.458432197570800781e+00 4.033556461334228516e+00 nan 1.070034423828125000e+03 2.847757568359375000e+02
3.404528141021728516e+00 4.028871536254882812e+00 nan 1.054849365234375000e+03 2.845572204589843750e+02
nan nan nan nan nan
nan nan nan nan nan
nan nan nan nan nan
nan nan nan nan nan
nan nan nan nan nan
nan nan nan nan nan
nan nan nan nan nan
nan nan nan nan nan
nan nan nan nan nan
nan nan nan nan nan
nan nan nan nan nan
nan nan nan nan nan
nan nan nan nan nan
nan nan nan nan nan
nan nan nan nan nan
nan nan nan nan nan
nan nan nan nan nan
nan nan nan nan nan
nan nan nan nan nan
nan nan nan nan nan
nan nan nan nan nan
nan nan nan nan nan
nan nan nan nan nan
nan nan nan nan nan
nan nan nan nan nan
nan nan nan nan nan
nan nan nan nan nan
nan nan nan nan nan
nan nan nan nan nan
nan nan nan nan nan
nan nan nan nan nan
nan nan nan nan nan
nan nan nan nan nan
nan nan nan nan nan
nan nan nan nan nan
nan nan nan nan nan
nan nan nan nan nan
nan nan nan nan nan
nan nan nan nan nan
nan nan nan nan nan
nan nan nan nan nan
nan nan nan nan nan
nan nan nan nan nan
nan nan nan nan nan
nan nan nan nan nan
nan nan nan nan nan
nan nan nan nan nan
nan nan nan nan nan
nan nan nan nan nan
nan nan nan nan nan
nan nan nan nan nan
