nan nan nan nan nan
nan nan nan nan nan
nan nan nan nan nan
nan nan nan nan nan
nan nan nan nan nan
nan nan nan nan nan
nan nan nan nan nan
nan nan nan nan nan
nan nan nan nan nan
nan nan nan nan nan
nan nan nan nan nan
nan nan nan nan nan
nan nan nan nan nan
nan nan nan nan nan
nan nan nan nan nan
nan nan nan nan nan
nan nan nan nan nan
nan nan nan nan nan
nan nan nan nan nan
nan nan nan nan nan
nan nan nan nan nan
nan nan nan nan nan
nan nan nan nan nan
nan nan nan nan nan
nan nan nan nan nan
nan nan nan nan nan
nan nan nan nan nan
nan nan nan nan nan
nan nan nan nan nan
nan nan nan nan nan
nan nan nan nan nan
nan nan nan nan nan
nan nan nan nan nan
-1.809598159790039062e+01 8.206804096698760986e-02 nan 6.179654296875000000e+03 3.170727539062500000e+02
-1.776425170898437500e+01 7.378647476434707642e-02 nan 6.145827148437500000e+03 3.170881347656250000e+02
-1.760861206054687500e+01 6.067484617233276367e-02 nan 6.111751464843750000e+03 3.168775939941406250e+02
-1.749733352661132812e+01 5.828642845153808594e-02 nan 6.079917968750000000e+03 3.166360168457031250e+02
-1.742250251770019531e+01 6.507256627082824707e-02 nan 6.049298339843750000e+03 3.163638916015625000e+02
-1.753939247131347656e+01 6.958722323179244995e-02 nan 6.016477050781250000e+03 3.158267822265625000e+02
-1.759847640991210938e+01 9.347157925367355347e-02 nan 5.982959960937500000e+03 3.153551940917968750e+02
-1.810969543457031250e+01 7.611998319625854492e-01 nan 5.949505859375000000e+03 3.143224182128906250e+02
-1.822534942626953125e+01 9.425987005233764648e-01 nan 5.923223632812500000e+03 3.138623352050781250e+02
-1.792475128173828125e+01 1.445019364356994629e+00 nan 5.890791015625000000e+03 3.138055725097656250e+02
-1.769256973266601562e+01 1.489595174789428711e+00 nan 5.858203613281250000e+03 3.137414855957031250e+02
-1.742562294006347656e+01 1.549641489982604980e+00 nan 5.825901855468750000e+03 3.136875915527343750e+02
-1.713518905639648438e+01 1.557044982910156250e+00 nan 5.794056640625000000e+03 3.136606445312500000e+02
-1.691450500488281250e+01 1.475754261016845703e+00 nan 5.768204589843750000e+03 3.136159973144531250e+02
-1.674187850952148438e+01 1.451616287231445312e+00 nan 5.742003906250000000e+03 3.135131225585937500e+02
-1.652299308776855469e+01 1.671548366546630859e+00 nan 5.709028320312500000e+03 3.134110717773437500e+02
-1.618034744262695312e+01 1.738463878631591797e+00 nan 5.676172363281250000e+03 3.134197387695312500e+02
-1.591796779632568359e+01 1.757536172866821289e+00 nan 5.649993164062500000e+03 3.134338989257812500e+02
-1.559809875488281250e+01 1.682744145393371582e+00 nan 5.617337402343750000e+03 3.134217224121093750e+02
-1.535774040222167969e+01 1.705229759216308594e+00 nan 5.585155273437500000e+03 3.133436889648437500e+02
-1.512551307678222656e+01 1.632585763931274414e+00 nan 5.559468750000000000e+03 3.133262939453125000e+02
-1.486415672302246094e+01 1.685228109359741211e+00 nan 5.526766601562500000e+03 3.132599182128906250e+02
-1.464276695251464844e+01 1.653756618499755859e+00 nan 5.493566406250000000e+03 3.131352539062500000e+02
-1.439940452575683594e+01 1.791964530944824219e+00 nan 5.467173828125000000e+03 3.131249084472656250e+02
-1.422161674499511719e+01 1.764143228530883789e+00 nan 5.441027343750000000e+03 3.130344848632812500e+02
-1.399408912658691406e+01 1.664209246635437012e+00 nan 5.408733398437500000e+03 3.129436950683593750e+02
-1.366747760772705078e+01 1.678914785385131836e+00 nan 5.376360839843750000e+03 3.129494628906250000e+02
-1.343403816223144531e+01 1.653701424598693848e+00 nan 5.350167968750000000e+03 3.129246215820312500e+02
-1.319331169128417969e+01 1.647112131118774414e+00 nan 5.323753906250000000e+03 3.129078369140625000e+02
-1.293601226806640625e+01 1.378156185150146484e+00 nan 5.290674316406250000e+03 3.128281555175781250e+02
-1.265234947204589844e+01 1.481443047523498535e+00 nan 5.258040039062500000e+03 3.127941284179687500e+02
-1.241263198852539062e+01 1.186406254768371582e+00 nan 5.231958007812500000e+03 3.127813110351562500e+02
-1.214156150817871094e+01 1.115802526473999023e+00 nan 5.205535156250000000e+03 3.127940673828125000e+02
-1.182653045654296875e+01 1.055085420608520508e+00 nan 5.172075683593750000e+03 3.127846984863281250e+02
-1.152577877044677734e+01 7.168473005294799805e-01 nan 5.139073730468750000e+03 3.127590942382812500e+02
-1.130025863647460938e+01 6.117399930953979492e-01 nan 5.113171875000000000e+03 3.127250976562500000e+02
-1.112706756591796875e+01 4.755606055259704590e-01 nan 5.087257324218750000e+03 3.126322021484375000e+02
-1.109805583953857422e+01 3.986867964267730713e-01 nan 5.061028320312500000e+03 3.123558959960937500e+02
-1.101737213134765625e+01 nan nan 5.034945800781250000e+03 3.121527709960937500e+02
-1.081127738952636719e+01 8.577601909637451172e-01 nan 5.002673828125000000e+03 3.120218811035156250e+02
-1.064220428466796875e+01 1.048852562904357910e+00 nan 4.970336425781250000e+03 3.118530883789062500e+02
-1.053727531433105469e+01 1.328381299972534180e+00 nan 4.944178222656250000e+03 3.116835327148437500e+02
-1.041833114624023438e+01 1.456240892410278320e+00 nan 4.917710937500000000e+03 3.115169677734375000e+02
-1.026334095001220703e+01 1.455805540084838867e+00 nan 4.891060058593750000e+03 3.113919067382812500e+02
-1.015789031982421875e+01 1.512005090713500977e+00 nan 4.864358398437500000e+03 3.112092285156250000e+02
-1.022071933746337891e+01 1.550660610198974609e+00 nan 4.837936523437500000e+03 3.108317260742187500e+02
-1.033481502532958984e+01 2.605948209762573242e+00 nan 4.805416503906250000e+03 3.103112487792968750e+02
-1.020980262756347656e+01 2.712185621261596680e+00 nan 4.772907714843750000e+03 3.101021728515625000e+02
-1.005072593688964844e+01 2.721386909484863281e+00 nan 4.746847656250000000e+03 3.099903259277343750e+02
-9.880131721496582031e+00 2.769901037216186523e+00 nan 4.720823730468750000e+03 3.098870239257812500e+02
-9.662057876586914062e+00 2.774260282516479492e+00 nan 4.694850585937500000e+03 3.098474731445312500e+02
-9.454412460327148438e+00 2.738097190856933594e+00 nan 4.668731445312500000e+03 3.097919311523437500e+02
-9.272390365600585938e+00 2.740044593811035156e+00 nan 4.642591796875000000e+03 3.097083740234375000e+02
-9.061830520629882812e+00 2.797698020935058594e+00 nan 4.616521972656250000e+03 3.096599731445312500e+02
-8.892323493957519531e+00 2.833950042724609375e+00 nan 4.590466796875000000e+03 3.095577697753906250e+02
-8.716367721557617188e+00 2.924366712570190430e+00 nan 4.564374023437500000e+03 3.094677124023437500e+02
-8.549034118652343750e+00 3.027129888534545898e+00 nan 4.538247558593750000e+03 3.093623657226562500e+02
-8.322547912597656250e+00 nan nan 4.512513671875000000e+03 3.093356628417968750e+02
-8.040730476379394531e+00 nan nan 4.480707519531250000e+03 3.093051147460937500e+02
-7.856569766998291016e+00 nan nan 4.448748535156250000e+03 3.091584472656250000e+02
-7.711132049560546875e+00 2.721741437911987305e+00 nan 4.422912109375000000e+03 3.090405883789062500e+02
-7.522147178649902344e+00 2.617413520812988281e+00 nan 4.396677734375000000e+03 3.089616699218750000e+02
-7.304992675781250000e+00 2.761548519134521484e+00 nan 4.370125976562500000e+03 3.089185180664062500e+02
-7.108166694641113281e+00 2.725377082824707031e+00 nan 4.343516601562500000e+03 3.088414001464843750e+02
-6.866683006286621094e+00 nan nan 4.317348632812500000e+03 3.088343505859375000e+02
-6.615240097045898438e+00 1.636632204055786133e+00 nan 4.291465820312500000e+03 3.088350219726562500e+02
-6.428633689880371094e+00 8.431680202484130859e-01 nan 4.265885742187500000e+03 3.087571716308593750e+02
-6.309810161590576172e+00 4.290630817413330078e-01 nan 4.240375488281250000e+03 3.086123046875000000e+02
-6.192527770996093750e+00 2.167450785636901855e-01 nan 4.214536132812500000e+03 3.084554443359375000e+02
-6.019721984863281250e+00 1.397067904472351074e-01 nan 4.188268554687500000e+03 3.083619384765625000e+02
-5.830135345458984375e+00 1.179797351360321045e-01 nan 4.161556152343750000e+03 3.082791137695312500e+02
-5.631258010864257812e+00 1.062373667955398560e-01 nan 4.134402343750000000e+03 3.082050170898437500e+02
-5.489319801330566406e+00 1.165917962789535522e-01 nan 4.107567382812500000e+03 3.080658874511718750e+02
-5.354653358459472656e+00 1.549781560897827148e-01 nan 4.081426757812500000e+03 3.079298706054687500e+02
-5.203976154327392578e+00 1.573026478290557861e-01 nan 4.055676513671875000e+03 3.078153991699218750e+02
-5.028386592864990234e+00 1.679156422615051270e-01 nan 4.029865234375000000e+03 3.077305297851562500e+02
-4.831212997436523438e+00 1.711280047893524170e-01 nan 4.003979003906250000e+03 3.076656494140625000e+02
-4.633767127990722656e+00 1.639608889818191528e-01 nan 3.978208496093750000e+03 3.076061401367187500e+02
-4.426327705383300781e+00 1.627947986125946045e-01 nan 3.952645507812500000e+03 3.075587158203125000e+02
-4.278563022613525391e+00 1.643922477960586548e-01 nan 3.933367431640625000e+03 3.075097351074218750e+02
-4.195843696594238281e+00 1.682769507169723511e-01 nan 3.913789306640625000e+03 3.073912353515625000e+02
-4.146502494812011719e+00 1.336305141448974609e-01 nan 3.887500976562500000e+03 3.071519775390625000e+02
-4.055063247680664062e+00 1.189046949148178101e-01 nan 3.861306152343750000e+03 3.069646606445312500e+02
-3.863327264785766602e+00 1.141966953873634338e-01 nan 3.835188964843750000e+03 3.068948364257812500e+02
-3.689879417419433594e+00 1.128025949001312256e-01 nan 3.808997070312500000e+03 3.068008422851562500e+02
-3.582523584365844727e+00 1.197428852319717407e-01 nan 3.782732421875000000e+03 3.066284790039062500e+02
-3.553957939147949219e+00 1.256573498249053955e-01 nan 3.756665283203125000e+03 3.063739624023437500e+02
-3.459287166595458984e+00 1.508242189884185791e-01 nan 3.730768066406250000e+03 3.061971740722656250e+02
-3.324410915374755859e+00 1.940332353115081787e-01 nan 3.704753662109375000e+03 3.060634155273437500e+02
-3.225982189178466797e+00 3.004541099071502686e-01 nan 3.678601806640625000e+03 3.058892211914062500e+02
-3.135025262832641602e+00 3.796777129173278809e-01 nan 3.658988037109375000e+03 3.057734680175781250e+02
-2.986122846603393555e+00 3.982499837875366211e-01 nan 3.639460449218750000e+03 3.057249145507812500e+02
-2.810493469238281250e+00 4.095272719860076904e-01 nan 3.613334960937500000e+03 3.056385192871093750e+02
-2.630954742431640625e+00 4.651830196380615234e-01 nan 3.587269042968750000e+03 3.055573120117187500e+02
-2.506905078887939453e+00 4.782691299915313721e-01 nan 3.561158203125000000e+03 3.054105224609375000e+02
-2.394867897033691406e+00 4.980685114860534668e-01 nan 3.535050537109375000e+03 3.052530517578125000e+02
-2.279117107391357422e+00 4.989100694656372070e-01 nan 3.508861816406250000e+03 3.051004638671875000e+02
-2.183508634567260742e+00 5.012441277503967285e-01 nan 3.489165039062500000e+03 3.049873962402343750e+02
-2.080455541610717773e+00 4.963898360729217529e-01 nan 3.469445312500000000e+03 3.048892822265625000e+02
-1.937510490417480469e+00 4.826736450195312500e-01 nan 3.443198730468750000e+03 3.047668762207031250e+02
-1.751587867736816406e+00 4.734672009944915771e-01 nan 3.416925292968750000e+03 3.046926574707031250e+02
-1.577585220336914062e+00 4.727650880813598633e-01 nan 3.390492187500000000e+03 3.046006469726562500e+02
-1.438940525054931641e+00 4.744269847869873047e-01 nan 3.363951660156250000e+03 3.044675292968750000e+02
-1.343584179878234863e+00 4.904443919658660889e-01 nan 3.344123535156250000e+03 3.043532104492187500e+02
-1.189285039901733398e+00 5.227006673812866211e-01 nan 3.324410644531250000e+03 3.043120117187500000e+02
-9.783531427383422852e-01 5.248934626579284668e-01 nan 3.298199707031250000e+03 3.042620239257812500e+02
-7.972090244293212891e-01 5.302383899688720703e-01 nan 3.272171875000000000e+03 3.041782836914062500e+02
-6.331676840782165527e-01 5.446650981903076172e-01 nan 3.246411865234375000e+03 3.040872192382812500e+02
-5.385924577713012695e-01 5.659075379371643066e-01 nan 3.226582031250000000e+03 3.039932861328125000e+02
-3.881248235702514648e-01 5.720715522766113281e-01 nan 3.204503906250000000e+03 3.039269104003906250e+02
-2.415590733289718628e-01 5.974323153495788574e-01 nan 3.179899658203125000e+03 3.038243408203125000e+02
-1.388387680053710938e-01 6.307573914527893066e-01 nan 3.161833007812500000e+03 3.037431335449218750e+02
6.386592239141464233e-02 6.788889169692993164e-01 nan 3.132503906250000000e+03 3.036430969238281250e+02
2.183405160903930664e-01 7.327188253402709961e-01 nan 3.101836425781250000e+03 3.034730224609375000e+02
3.330606520175933838e-01 7.388747930526733398e-01 nan 3.081745361328125000e+03 3.033861999511718750e+02
4.545493721961975098e-01 6.911872029304504395e-01 nan 3.062433837890625000e+03 3.033029174804687500e+02
5.628290772438049316e-01 6.621813774108886719e-01 nan 3.043836425781250000e+03 3.032234191894531250e+02
6.691137552261352539e-01 6.498974561691284180e-01 nan 3.017523193359375000e+03 3.030643310546875000e+02
7.631959915161132812e-01 5.128732323646545410e-01 nan 2.992507324218750000e+03 3.028973693847656250e+02
7.706677913665771484e-01 4.766741693019866943e-01 nan 2.976814453125000000e+03 3.027304077148437500e+02
7.431740760803222656e-01 4.129232466220855713e-01 nan 2.955069091796875000e+03 3.024575500488281250e+02
7.032243609428405762e-01 5.831059217453002930e-01 nan 2.928962158203125000e+03 3.021311035156250000e+02
7.022438645362854004e-01 7.555216550827026367e-01 nan 2.905653808593750000e+03 3.018831787109375000e+02
8.213320374488830566e-01 8.093631267547607422e-01 nan 2.884864501953125000e+03 3.017947998046875000e+02
8.936033248901367188e-01 8.060714006423950195e-01 nan 2.860912109375000000e+03 3.016203308105468750e+02
6.649330258369445801e-01 1.480606555938720703e+00 nan 2.835761962890625000e+03 3.010742187500000000e+02
5.865234136581420898e-01 2.484718561172485352e+00 nan 2.816359863281250000e+03 3.008034057617187500e+02
7.138944864273071289e-01 2.996657371520996094e+00 nan 2.793460937500000000e+03 3.007008056640625000e+02
9.765958786010742188e-01 2.684094905853271484e+00 nan 2.769503906250000000e+03 3.007326049804687500e+02
1.113833308219909668e+00 2.447915315628051758e+00 nan 2.747711914062500000e+03 3.006591186523437500e+02
1.147129058837890625e+00 2.814164161682128906e+00 nan 2.726930175781250000e+03 3.004287109375000000e+02
1.341751575469970703e+00 2.858410120010375977e+00 nan 2.703939697265625000e+03 3.004220581054687500e+02
1.656381607055664062e+00 2.744268417358398438e+00 nan 2.677880371093750000e+03 3.005718994140625000e+02
1.824738383293151855e+00 1.648191452026367188e+00 nan 2.653728271484375000e+03 3.005013427734375000e+02
1.871958255767822266e+00 1.378727197647094727e+00 nan 2.629943847656250000e+03 3.003178710937500000e+02
2.093751430511474609e+00 1.200732707977294922e+00 nan 2.607212402343750000e+03 3.003438110351562500e+02
2.149092197418212891e+00 1.247081995010375977e+00 nan 2.585881835937500000e+03 3.001622924804687500e+02
1.980620980262756348e+00 1.916879415512084961e+00 nan 2.565059082031250000e+03 2.997206420898437500e+02
1.689487814903259277e+00 3.687778949737548828e+00 nan 2.545444824218750000e+03 2.991656799316406250e+02
1.877324342727661133e+00 3.666396141052246094e+00 nan 2.525022216796875000e+03 2.991408691406250000e+02
1.973950147628784180e+00 3.603099346160888672e+00 nan 2.503949218750000000e+03 2.990198364257812500e+02
2.165501594543457031e+00 3.578634738922119141e+00 nan 2.483063476562500000e+03 2.990054626464843750e+02
2.306823015213012695e+00 3.569543361663818359e+00 nan 2.461751464843750000e+03 2.989382934570312500e+02
2.477941036224365234e+00 3.698158740997314453e+00 nan 2.440424316406250000e+03 2.988981018066406250e+02
2.578333854675292969e+00 3.806359767913818359e+00 nan 2.419333984375000000e+03 2.987853393554687500e+02
2.589293479919433594e+00 4.418236732482910156e+00 nan 2.398320312500000000e+03 2.985701293945312500e+02
2.725854396820068359e+00 4.381704330444335938e+00 nan 2.377386230468750000e+03 2.985061645507812500e+02
2.831020355224609375e+00 4.143596649169921875e+00 nan 2.356100097656250000e+03 2.983946533203125000e+02
2.999690771102905273e+00 4.297408580780029297e+00 nan 2.334886962890625000e+03 2.983555297851562500e+02
3.168683528900146484e+00 4.344593524932861328e+00 nan 2.311665039062500000e+03 2.982956848144531250e+02
3.216773033142089844e+00 4.799142837524414062e+00 nan 2.288552246093750000e+03 2.980963134765625000e+02
3.309406757354736328e+00 5.256451606750488281e+00 nan 2.267598388671875000e+03 2.979807739257812500e+02
3.532945632934570312e+00 5.251167297363281250e+00 nan 2.246777099609375000e+03 2.979970092773437500e+02
3.720492362976074219e+00 4.967825412750244141e+00 nan 2.226872070312500000e+03 2.979938659667968750e+02
3.903654575347900391e+00 4.665727615356445312e+00 nan 2.207682128906250000e+03 2.979995727539062500e+02
3.957442045211791992e+00 4.509518623352050781e+00 nan 2.186810058593750000e+03 2.978342285156250000e+02
3.859691143035888672e+00 5.099459171295166016e+00 nan 2.165431152343750000e+03 2.975070190429687500e+02
3.932336807250976562e+00 5.193338394165039062e+00 nan 2.144212402343750000e+03 2.973733520507812500e+02
4.069036483764648438e+00 5.228433609008789062e+00 nan 2.122806152343750000e+03 2.972961425781250000e+02
4.202817916870117188e+00 5.214163780212402344e+00 nan 2.101383544921875000e+03 2.972132873535156250e+02
4.283999443054199219e+00 5.193309307098388672e+00 nan 2.080170410156250000e+03 2.970872192382812500e+02
4.007639408111572266e+00 5.294306278228759766e+00 nan 2.059811279296875000e+03 2.965712585449218750e+02
3.435637950897216797e+00 5.782705307006835938e+00 nan 2.039919433593750000e+03 2.957396850585937500e+02
3.549813270568847656e+00 5.883297920227050781e+00 3.075089678168296814e-02 2.018239013671875000e+03 2.956466674804687500e+02
3.700151443481445312e+00 5.853930473327636719e+00 nan 1.998356933593750000e+03 2.956137084960937500e+02
3.907752037048339844e+00 5.848078727722167969e+00 nan 1.976843627929687500e+03 2.955960998535156250e+02
4.112371444702148438e+00 5.849172115325927734e+00 nan 1.957187500000000000e+03 2.956301269531250000e+02
4.267115592956542969e+00 5.967641830444335938e+00 nan 1.936341796875000000e+03 2.955827636718750000e+02
4.462725162506103516e+00 6.007949352264404297e+00 nan 1.916071411132812500e+03 2.955714111328125000e+02
4.659898757934570312e+00 5.995123386383056641e+00 nan 1.895220336914062500e+03 2.955557250976562500e+02
4.831328868865966797e+00 5.969764709472656250e+00 nan 1.875010986328125000e+03 2.955422058105468750e+02
4.943593978881835938e+00 6.009080886840820312e+00 nan 1.853353515625000000e+03 2.954562988281250000e+02
5.174077987670898438e+00 6.016668319702148438e+00 nan 1.832994628906250000e+03 2.954715576171875000e+02
5.259302139282226562e+00 6.125017642974853516e+00 nan 1.812473510742187500e+03 2.953598632812500000e+02
5.338517665863037109e+00 6.176333427429199219e+00 nan 1.794188964843750000e+03 2.952514953613281250e+02
5.436731338500976562e+00 6.174343585968017578e+00 nan 1.776050415039062500e+03 2.951676025390625000e+02
5.637018203735351562e+00 6.195033073425292969e+00 nan 1.755845336914062500e+03 2.951697998046875000e+02
5.810915946960449219e+00 6.183407783508300781e+00 nan 1.734738525390625000e+03 2.951459960937500000e+02
5.977708816528320312e+00 6.186695098876953125e+00 nan 1.713619873046875000e+03 2.950917358398437500e+02
6.061396598815917969e+00 6.259720802307128906e+00 nan 1.693833862304687500e+03 2.949915771484375000e+02
6.144556522369384766e+00 6.282691001892089844e+00 nan 1.672358642578125000e+03 2.948445434570312500e+02
6.265937805175781250e+00 6.330940246582031250e+00 nan 1.652439086914062500e+03 2.947854003906250000e+02
6.314542770385742188e+00 6.486692905426025391e+00 nan 1.633054565429687500e+03 2.946627807617187500e+02
5.873902320861816406e+00 6.621893405914306641e+00 nan 1.611652832031250000e+03 2.939470214843750000e+02
5.729032993316650391e+00 6.628426074981689453e+00 nan 1.593828125000000000e+03 2.936330261230468750e+02
5.753575325012207031e+00 6.670622825622558594e+00 1.191999390721321106e-01 1.575923461914062500e+03 2.934652099609375000e+02
5.833996295928955078e+00 6.704758644104003906e+00 6.205398961901664734e-02 1.554979003906250000e+03 2.933266601562500000e+02
5.962145805358886719e+00 6.670823097229003906e+00 nan 1.534185302734375000e+03 2.932626953125000000e+02
6.121413230895996094e+00 6.688319683074951172e+00 nan 1.514171020507812500e+03 2.932526245117187500e+02
6.347631454467773438e+00 6.624335289001464844e+00 nan 1.494044921875000000e+03 2.932520751953125000e+02
6.498271942138671875e+00 6.695785522460937500e+00 nan 1.473079467773437500e+03 2.932205810546875000e+02
6.696183204650878906e+00 6.701420783996582031e+00 nan 1.455592041015625000e+03 2.932438659667968750e+02
6.828769683837890625e+00 6.835487365722656250e+00 nan 1.436884277343750000e+03 2.931704101562500000e+02
7.045595645904541016e+00 6.830247879028320312e+00 nan 1.417269531250000000e+03 2.932080078125000000e+02
7.096478462219238281e+00 6.847681045532226562e+00 nan 1.397015991210937500e+03 2.930688171386718750e+02
7.174204349517822266e+00 6.898669242858886719e+00 nan 1.378383911132812500e+03 2.929659729003906250e+02
7.173034667968750000e+00 7.062100410461425781e+00 nan 1.359697753906250000e+03 2.927806396484375000e+02
7.277303695678710938e+00 7.119663238525390625e+00 6.610324233770370483e-02 1.339457519531250000e+03 2.926894226074218750e+02
7.399284362792968750e+00 7.059483528137207031e+00 nan 1.318765380859375000e+03 2.925986022949218750e+02
7.427853584289550781e+00 7.196373462677001953e+00 nan 1.301248779296875000e+03 2.924417419433593750e+02
7.559896469116210938e+00 7.204165458679199219e+00 nan 1.283156982421875000e+03 2.924036865234375000e+02
7.771392345428466797e+00 7.109965801239013672e+00 nan 1.262647705078125000e+03 2.924088439941406250e+02
7.915502071380615234e+00 7.141343593597412109e+00 nan 1.245333251953125000e+03 2.923855285644531250e+02
8.025940895080566406e+00 7.188278198242187500e+00 nan 1.227008056640625000e+03 2.923144531250000000e+02
8.199945449829101562e+00 7.209910392761230469e+00 nan 1.205981445312500000e+03 2.922821655273437500e+02
8.278437614440917969e+00 7.243690490722656250e+00 nan 1.188142700195312500e+03 2.921848754882812500e+02
8.312108993530273438e+00 7.272953033447265625e+00 nan 1.170818359375000000e+03 2.920432739257812500e+02
8.325559616088867188e+00 7.351134777069091797e+00 nan 1.150837402343750000e+03 2.918770141601562500e+02
8.277045249938964844e+00 7.272871494293212891e+00 nan 1.132068115234375000e+03 2.916014404296875000e+02
8.425379753112792969e+00 7.275506973266601562e+00 nan 1.113901123046875000e+03 2.915886840820312500e+02
8.590888023376464844e+00 7.273921012878417969e+00 nan 1.094165893554687500e+03 2.915724182128906250e+02
8.715383529663085938e+00 7.294573307037353516e+00 nan 1.073470703125000000e+03 2.914883422851562500e+02
8.673917770385742188e+00 7.308414459228515625e+00 nan 1.054891357421875000e+03 2.912554321289062500e+02
8.872049331665039062e+00 7.366263866424560547e+00 nan 1.037935791015625000e+03 2.912785949707031250e+02
8.895484924316406250e+00 7.380650043487548828e+00 nan 1.020627807617187500e+03 2.911500244140625000e+02
8.922359466552734375e+00 7.352724075317382812e+00 nan 1.002248168945312500e+03 2.909638061523437500e+02
8.943404197692871094e+00 7.358471870422363281e+00 nan 9.817987060546875000e+02 2.907999572753906250e+02
8.991703987121582031e+00 7.347335815429687500e+00 nan 9.638815917968750000e+02 2.906670837402343750e+02
9.104510307312011719e+00 7.369606971740722656e+00 nan 9.456850585937500000e+02 2.906059265136718750e+02
9.142720222473144531e+00 7.395223617553710938e+00 nan 9.272501831054687500e+02 2.904578552246093750e+02
9.123916625976562500e+00 7.439657211303710938e+00 nan 9.089699707031250000e+02 2.902656250000000000e+02
9.133747100830078125e+00 7.480660438537597656e+00 nan 8.883883056640625000e+02 2.900770874023437500e+02
9.207969665527343750e+00 7.526219367980957031e+00 nan 8.699105834960937500e+02 2.899674682617187500e+02
9.272793769836425781e+00 7.591521263122558594e+00 nan 8.542449951171875000e+02 2.898837585449218750e+02
9.262493133544921875e+00 7.689482212066650391e+00 4.136847704648971558e-02 8.362659912109375000e+02 2.896802368164062500e+02
9.316964149475097656e+00 7.716234207153320312e+00 5.240604281425476074e-02 8.161268310546875000e+02 2.895464782714843750e+02
9.338761329650878906e+00 7.715653896331787109e+00 6.232178956270217896e-02 7.983288574218750000e+02 2.893832092285156250e+02
9.396568298339843750e+00 7.628865718841552734e+00 5.101942643523216248e-02 7.802752685546875000e+02 2.892810363769531250e+02
9.623326301574707031e+00 7.602609157562255859e+00 nan 7.620090942382812500e+02 2.893196105957031250e+02
9.826621055603027344e+00 7.544414520263671875e+00 nan 7.441276855468750000e+02 2.893502197265625000e+02
9.950429916381835938e+00 7.539193153381347656e+00 nan 7.263884277343750000e+02 2.893018188476562500e+02
9.903589248657226562e+00 7.573177337646484375e+00 nan 7.089757080078125000e+02 2.890723876953125000e+02
9.947789192199707031e+00 7.623179435729980469e+00 nan 6.914918823242187500e+02 2.889536132812500000e+02
9.941646575927734375e+00 7.642765045166015625e+00 nan 6.730865478515625000e+02 2.887518920898437500e+02
9.946366310119628906e+00 7.681721210479736328e+00 nan 6.549666137695312500e+02 2.885902709960937500e+02
9.982955932617187500e+00 7.706563949584960938e+00 nan 6.377055664062500000e+02 2.884550781250000000e+02
1.008640289306640625e+01 7.770079612731933594e+00 nan 6.200881958007812500e+02 2.883920593261718750e+02
9.982143402099609375e+00 7.772739887237548828e+00 nan 6.017232666015625000e+02 2.881061401367187500e+02
1.001773262023925781e+01 7.811573505401611328e+00 nan 5.819815673828125000e+02 2.879553833007812500e+02
1.001835536956787109e+01 7.839970588684082031e+00 nan 5.649028320312500000e+02 2.877866821289062500e+02
1.000604248046875000e+01 7.907674789428710938e+00 1.311232894659042358e-01 5.473588867187500000e+02 2.876011962890625000e+02
1.011462783813476562e+01 7.911727428436279297e+00 1.393702477216720581e-01 5.288804931640625000e+02 2.875289611816406250e+02
1.021719932556152344e+01 7.974114418029785156e+00 2.226846963167190552e-01 5.111331787109375000e+02 2.874530029296875000e+02
1.028899383544921875e+01 7.970314025878906250e+00 2.732375562191009521e-01 4.942847595214843750e+02 2.873661804199218750e+02
1.035526847839355469e+01 7.994470119476318359e+00 2.199964672327041626e-01 4.768289184570312500e+02 2.872734985351562500e+02
1.042904472351074219e+01 7.997400760650634766e+00 1.850205063819885254e-01 4.584509582519531250e+02 2.871506652832031250e+02
1.049520206451416016e+01 8.020463943481445312e+00 1.874328404664993286e-01 4.429973449707031250e+02 2.870621643066406250e+02
1.054440689086914062e+01 8.015482902526855469e+00 2.799962759017944336e-01 4.257940063476562500e+02 2.869490966796875000e+02
1.061968231201171875e+01 8.007677078247070312e+00 2.511954307556152344e-01 4.086064147949218750e+02 2.868515319824218750e+02
1.069849586486816406e+01 8.045507431030273438e+00 2.755156159400939941e-01 3.904969482421875000e+02 2.867554016113281250e+02
1.078376197814941406e+01 8.128696441650390625e+00 2.929669022560119629e-01 3.722237548828125000e+02 2.866564941406250000e+02
1.086683273315429688e+01 8.127879142761230469e+00 2.698777318000793457e-01 3.550512084960937500e+02 2.865764770507812500e+02
1.090902423858642578e+01 8.202343940734863281e+00 2.560798525810241699e-01 3.382638244628906250e+02 2.864602661132812500e+02
1.092019844055175781e+01 8.195165634155273438e+00 2.498691529035568237e-01 3.226813354492187500e+02 2.862989807128906250e+02
1.098631477355957031e+01 8.212972640991210938e+00 1.916367709636688232e-01 3.048922729492187500e+02 2.862111206054687500e+02
1.106106090545654297e+01 8.174206733703613281e+00 1.576115489006042480e-01 2.874924316406250000e+02 2.861285705566406250e+02
1.112830543518066406e+01 8.208782196044921875e+00 1.428955793380737305e-01 2.697710266113281250e+02 2.860173339843750000e+02
1.117805099487304688e+01 8.208808898925781250e+00 1.071572154760360718e-01 2.514129180908203125e+02 2.858735351562500000e+02
1.127367210388183594e+01 8.213222503662109375e+00 4.072986170649528503e-02 2.356600036621093750e+02 2.858329467773437500e+02
1.137020874023437500e+01 8.254677772521972656e+00 2.414274029433727264e-02 2.195873260498046875e+02 2.857667236328125000e+02
1.145486640930175781e+01 8.261926651000976562e+00 nan 2.016086120605468750e+02 2.856716918945312500e+02
1.155875015258789062e+01 8.261235237121582031e+00 nan 1.840797271728515625e+02 2.856172790527343750e+02
1.173755645751953125e+01 8.236029624938964844e+00 nan 1.678980865478515625e+02 2.856181030273437500e+02
1.191137409210205078e+01 8.212551116943359375e+00 nan 1.509068603515625000e+02 2.856053161621093750e+02
1.196603107452392578e+01 8.227317810058593750e+00 nan 1.442914276123046875e+02 2.855765991210937500e+02
nan nan nan nan nan
nan nan nan nan nan
nan nan nan nan nan
nan nan nan nan nan
nan nan nan nan nan
nan nan nan nan nan
