nan nan nan nan nan
nan nan nan nan nan
nan nan nan nan nan
nan nan nan nan nan
nan nan nan nan nan
nan nan nan nan nan
nan nan nan nan nan
nan nan nan nan nan
nan nan nan nan nan
nan nan nan nan nan
nan nan nan nan nan
nan nan nan nan nan
nan nan nan nan nan
nan nan nan nan nan
nan nan nan nan nan
nan nan nan nan nan
nan nan nan nan nan
nan nan nan nan nan
nan nan nan nan nan
nan nan nan nan nan
nan nan nan nan nan
nan nan nan nan nan
nan nan nan nan nan
nan nan nan nan nan
nan nan nan nan nan
nan nan nan nan nan
nan nan nan nan nan
nan nan nan nan nan
nan nan nan nan nan
nan nan nan nan nan
nan nan nan nan nan
nan nan nan nan nan
nan nan nan nan nan
nan nan nan nan nan
nan nan nan nan nan
-1.447911834716796875e+01 9.823685884475708008e-02 nan 6.181503906250000000e+03 3.206151123046875000e+02
-1.429219150543212891e+01 9.849483519792556763e-02 nan 6.161580078125000000e+03 3.206024169921875000e+02
-1.400063705444335938e+01 9.783317148685455322e-02 nan 6.130950195312500000e+03 3.205858459472656250e+02
-1.368812847137451172e+01 9.741788357496261597e-02 nan 6.098294921875000000e+03 3.205779724121093750e+02
-1.330877208709716797e+01 9.634652733802795410e-02 nan 6.064253906250000000e+03 3.206248168945312500e+02
-1.293649959564208984e+01 9.406866133213043213e-02 nan 6.034375976562500000e+03 3.207196044921875000e+02
-1.257020759582519531e+01 9.051300585269927979e-02 nan 6.002280273437500000e+03 3.207828979492187500e+02
-1.214104747772216797e+01 8.316822350025177002e-02 nan 5.974261718750000000e+03 3.209599609375000000e+02
-1.173100185394287109e+01 7.940755039453506470e-02 nan 5.936712890625000000e+03 3.210013427734375000e+02
-1.153711509704589844e+01 7.978747040033340454e-02 nan 5.913133789062500000e+03 3.209826049804687500e+02
-1.137008285522460938e+01 8.989353477954864502e-02 nan 5.880945312500000000e+03 3.207781066894531250e+02
-1.119538021087646484e+01 9.275397658348083496e-02 nan 5.850199218750000000e+03 3.206364746093750000e+02
-1.096321010589599609e+01 9.841734170913696289e-02 nan 5.816519531250000000e+03 3.205121459960937500e+02
-1.077203273773193359e+01 1.018288806080818176e-01 nan 5.784362304687500000e+03 3.203749694824218750e+02
-1.056714057922363281e+01 1.058396399021148682e-01 nan 5.755023925781250000e+03 3.202857055664062500e+02
-1.042220020294189453e+01 1.063196659088134766e-01 nan 5.724820312500000000e+03 3.201003417968750000e+02
-1.024378395080566406e+01 1.016791537404060364e-01 nan 5.693092773437500000e+03 3.199387207031250000e+02
-1.012154960632324219e+01 8.354038000106811523e-02 nan 5.661282226562500000e+03 3.197129516601562500e+02
-9.986533164978027344e+00 7.959268242120742798e-02 nan 5.631345703125000000e+03 3.195202331542968750e+02
-9.818210601806640625e+00 7.827303558588027954e-02 nan 5.601483886718750000e+03 3.193810424804687500e+02
-9.790218353271484375e+00 7.816510647535324097e-02 nan 5.571140136718750000e+03 3.190599670410156250e+02
-9.707471847534179688e+00 6.398829817771911621e-02 nan 5.541763671875000000e+03 3.187899780273437500e+02
-9.784626007080078125e+00 6.225124746561050415e-02 nan 5.510404296875000000e+03 3.183514404296875000e+02
-9.809537887573242188e+00 6.911120563745498657e-02 nan 5.478882324218750000e+03 3.179470214843750000e+02
-9.686435699462890625e+00 7.179139554500579834e-02 nan 5.450725585937500000e+03 3.177617187500000000e+02
-9.579082489013671875e+00 8.228843659162521362e-02 nan 5.422169921875000000e+03 3.175587768554687500e+02
-9.435764312744140625e+00 1.008468866348266602e-01 nan 5.391951660156250000e+03 3.173638305664062500e+02
-9.291167259216308594e+00 9.862170368432998657e-02 nan 5.363436523437500000e+03 3.172049865722656250e+02
-9.073637008666992188e+00 9.627756476402282715e-02 nan 5.333664062500000000e+03 3.171143798828125000e+02
-8.830977439880371094e+00 9.678876399993896484e-02 nan 5.304597167968750000e+03 3.170573730468750000e+02
-8.623890876770019531e+00 9.711172431707382202e-02 nan 5.276584472656250000e+03 3.169718627929687500e+02
-8.443264007568359375e+00 1.029792279005050659e-01 nan 5.247135742187500000e+03 3.168368530273437500e+02
-8.222340583801269531e+00 1.049627065658569336e-01 nan 5.217216796875000000e+03 3.167540588378906250e+02
-7.993234157562255859e+00 1.067391335964202881e-01 nan 5.190567382812500000e+03 3.167080688476562500e+02
-7.821561813354492188e+00 1.104147061705589294e-01 nan 5.161525390625000000e+03 3.165662536621093750e+02
-7.690771102905273438e+00 1.109155863523483276e-01 nan 5.132861328125000000e+03 3.163994750976562500e+02
-7.520236968994140625e+00 1.109620481729507446e-01 nan 5.103537109375000000e+03 3.162643737792968750e+02
-7.461213111877441406e+00 1.086081713438034058e-01 nan 5.075321777343750000e+03 3.160389404296875000e+02
-7.762292861938476562e+00 9.902948886156082153e-02 nan 5.048184570312500000e+03 3.153471984863281250e+02
-7.914630889892578125e+00 9.573325514793395996e-02 nan 5.018599609375000000e+03 3.148204345703125000e+02
-7.762257575988769531e+00 1.038787215948104858e-01 nan 4.989060058593750000e+03 3.146589965820312500e+02
-7.628987789154052734e+00 1.189534962177276611e-01 nan 4.960971191406250000e+03 3.144920959472656250e+02
-7.769906997680664062e+00 1.825556457042694092e-01 nan 4.933354003906250000e+03 3.139935302734375000e+02
-8.040164947509765625e+00 2.615358233451843262e-01 nan 4.904095214843750000e+03 3.133327026367187500e+02
-7.982447624206542969e+00 3.013809919357299805e-01 nan 4.877833496093750000e+03 3.131030883789062500e+02
-7.732443809509277344e+00 3.058033585548400879e-01 nan 4.853000976562500000e+03 3.130861816406250000e+02
-7.509963989257812500e+00 3.187121450901031494e-01 nan 4.826654296875000000e+03 3.130231628417968750e+02
-7.361138820648193359e+00 4.495322406291961670e-01 nan 4.798875488281250000e+03 3.128723144531250000e+02
-7.153864860534667969e+00 5.052002668380737305e-01 nan 4.770049804687500000e+03 3.128074951171875000e+02
-6.947841167449951172e+00 5.085463523864746094e-01 nan 4.742739257812500000e+03 3.127633056640625000e+02
-6.700454711914062500e+00 5.255489349365234375e-01 nan 4.715303710937500000e+03 3.127304077148437500e+02
-6.515598297119140625e+00 5.245094895362854004e-01 nan 4.689183105468750000e+03 3.126411743164062500e+02
-6.368679046630859375e+00 6.520374417304992676e-01 nan 4.662591308593750000e+03 3.125604553222656250e+02
-6.560147285461425781e+00 1.808513522148132324e+00 nan 4.633126953125000000e+03 3.118847045898437500e+02
-6.427824020385742188e+00 2.199126005172729492e+00 nan 4.605321289062500000e+03 3.117745666503906250e+02
-6.258086204528808594e+00 nan nan 4.580816406250000000e+03 3.117000122070312500e+02
-5.972365379333496094e+00 2.112746477127075195e+00 nan 4.552572753906250000e+03 3.116964111328125000e+02
-5.706034660339355469e+00 2.266247510910034180e+00 nan 4.523594238281250000e+03 3.117091369628906250e+02
-5.465570449829101562e+00 2.250444650650024414e+00 nan 4.499557617187500000e+03 3.116942443847656250e+02
-5.224771022796630859e+00 2.183793306350708008e+00 nan 4.473560058593750000e+03 3.116518859863281250e+02
-5.002168655395507812e+00 2.226558208465576172e+00 nan 4.445325195312500000e+03 3.115994262695312500e+02
-4.794958114624023438e+00 2.168441772460937500e+00 nan 4.420283203125000000e+03 3.115565795898437500e+02
-4.522812843322753906e+00 2.175752401351928711e+00 nan 4.393828613281250000e+03 3.115697021484375000e+02
-4.345778465270996094e+00 2.403194904327392578e+00 nan 4.368656738281250000e+03 3.115087280273437500e+02
-4.142197132110595703e+00 2.415199518203735352e+00 nan 4.342259765625000000e+03 3.114267578125000000e+02
-4.007835865020751953e+00 2.792276144027709961e+00 nan 4.314744628906250000e+03 3.112615966796875000e+02
-3.952832937240600586e+00 3.334840774536132812e+00 nan 4.289958984375000000e+03 3.110516967773437500e+02
-3.806964397430419922e+00 3.544162273406982422e+00 nan 4.263050781250000000e+03 3.109144897460937500e+02
-3.569420337677001953e+00 3.619189739227294922e+00 nan 4.237863281250000000e+03 3.109728698730468750e+02
-3.574704170227050781e+00 3.999785661697387695e+00 nan 4.210708984375000000e+03 3.106313476562500000e+02
-3.421328067779541016e+00 3.976181507110595703e+00 nan 4.182548828125000000e+03 3.105010070800781250e+02
-3.177599191665649414e+00 3.951263427734375000e+00 nan 4.154967773437500000e+03 3.104778137207031250e+02
-2.939177989959716797e+00 3.947199344635009766e+00 nan 4.129300781250000000e+03 3.104513244628906250e+02
-2.766660690307617188e+00 3.941477298736572266e+00 nan 4.104383789062500000e+03 3.103737792968750000e+02
-2.801905632019042969e+00 3.974109649658203125e+00 nan 4.079894287109375000e+03 3.099731750488281250e+02
-2.061456918716430664e+00 3.656841516494750977e+00 nan 4.061790283203125000e+03 3.107086486816406250e+02
-1.194217085838317871e+00 1.909985065460205078e+00 nan 4.036123535156250000e+03 3.114040527343750000e+02
-8.970870971679687500e-01 1.948461771011352539e+00 nan 4.013820800781250000e+03 3.114534912109375000e+02
-6.947969198226928711e-01 2.101245880126953125e+00 nan 3.988162109375000000e+03 3.113591918945312500e+02
-6.096248626708984375e-01 2.265436410903930664e+00 nan 3.962742431640625000e+03 3.111659545898437500e+02
-4.757778346538543701e-01 2.352278947830200195e+00 nan 3.938180664062500000e+03 3.110407104492187500e+02
-2.908625006675720215e-01 2.574236154556274414e+00 nan 3.908542480468750000e+03 3.109426879882812500e+02
-2.994937598705291748e-01 3.488363027572631836e+00 nan 3.879521972656250000e+03 3.106143798828125000e+02
-1.684739738702774048e-01 3.602309226989746094e+00 nan 3.852957519531250000e+03 3.105075073242187500e+02
-5.462411418557167053e-02 3.734824657440185547e+00 nan 3.829433105468750000e+03 3.103730468750000000e+02
-1.074522584676742554e-01 4.027746677398681641e+00 nan 3.806264648437500000e+03 3.100433959960937500e+02
-1.036803364753723145e+00 4.264946937561035156e+00 nan 3.781160156250000000e+03 3.086854553222656250e+02
-1.679130554199218750e+00 4.544503211975097656e+00 nan 3.757099609375000000e+03 3.077300720214843750e+02
-1.603647708892822266e+00 4.587918281555175781e+00 nan 3.730454101562500000e+03 3.074955444335937500e+02
-1.464721560478210449e+00 4.631767272949218750e+00 nan 3.704430175781250000e+03 3.074011840820312500e+02
-1.277414083480834961e+00 4.675596237182617188e+00 nan 3.678875000000000000e+03 3.073240966796875000e+02
-1.108947753906250000e+00 4.714745998382568359e+00 nan 3.654296875000000000e+03 3.072521972656250000e+02
-9.232714176177978516e-01 4.693507194519042969e+00 nan 3.629852294921875000e+03 3.072283325195312500e+02
-7.896050214767456055e-01 4.664754867553710938e+00 nan 3.606759277343750000e+03 3.071194763183593750e+02
-4.651197195053100586e-01 4.719036102294921875e+00 nan 3.582196777343750000e+03 3.071853027343750000e+02
-3.542782664299011230e-01 4.716484069824218750e+00 nan 3.554829833984375000e+03 3.070506591796875000e+02
-4.909240826964378357e-02 4.790084362030029297e+00 nan 3.530738281250000000e+03 3.071413269042968750e+02
1.239905729889869690e-01 4.778301715850830078e+00 nan 3.508022949218750000e+03 3.070556335449218750e+02
3.915888667106628418e-01 4.815128326416015625e+00 nan 3.483682128906250000e+03 3.070593261718750000e+02
5.540727376937866211e-01 4.801380157470703125e+00 nan 3.460640136718750000e+03 3.070367736816406250e+02
8.141795396804809570e-01 4.819227218627929688e+00 nan 3.436304687500000000e+03 3.070278320312500000e+02
8.465269804000854492e-01 4.840311050415039062e+00 nan 3.413341552734375000e+03 3.068253173828125000e+02
1.123738527297973633e+00 4.837327480316162109e+00 nan 3.389195068359375000e+03 3.067953796386718750e+02
1.190648674964904785e+00 4.926567554473876953e+00 nan 3.366116210937500000e+03 3.066971740722656250e+02
1.101871967315673828e+00 5.030471801757812500e+00 nan 3.341864990234375000e+03 3.063167114257812500e+02
1.285838723182678223e+00 5.095729351043701172e+00 nan 3.318084472656250000e+03 3.062885131835937500e+02
1.451649546623229980e+00 5.093915462493896484e+00 nan 3.294850097656250000e+03 3.062213134765625000e+02
1.541705608367919922e+00 5.148785114288330078e+00 nan 3.270204345703125000e+03 3.060717468261718750e+02
1.952533960342407227e+00 5.104180335998535156e+00 nan 3.247525878906250000e+03 3.062652587890625000e+02
2.311437845230102539e+00 5.001421928405761719e+00 nan 3.225722656250000000e+03 3.064159851074218750e+02
2.569279193878173828e+00 5.025268554687500000e+00 nan 3.202686035156250000e+03 3.064439086914062500e+02
2.666341781616210938e+00 5.080531597137451172e+00 nan 3.177715820312500000e+03 3.062959594726562500e+02
2.917571067810058594e+00 5.116224288940429688e+00 nan 3.153416992187500000e+03 3.062922668457031250e+02
2.946371555328369141e+00 5.112836837768554688e+00 nan 3.130231933593750000e+03 3.060833740234375000e+02
2.977634429931640625e+00 5.157459735870361328e+00 nan 3.106855224609375000e+03 3.058736877441406250e+02
3.131357669830322266e+00 5.183279037475585938e+00 nan 3.086553222656250000e+03 3.058190612792968750e+02
3.214963436126708984e+00 5.193866729736328125e+00 nan 3.065417968750000000e+03 3.056700744628906250e+02
3.385389566421508789e+00 5.255340576171875000e+00 nan 3.039178710937500000e+03 3.055775756835937500e+02
3.480964183807373047e+00 5.280706405639648438e+00 nan 3.014032226562500000e+03 3.054245910644531250e+02
3.624738216400146484e+00 5.313304424285888672e+00 nan 2.993614746093750000e+03 3.053674621582031250e+02
3.771100521087646484e+00 5.351021766662597656e+00 nan 2.971298828125000000e+03 3.052968444824218750e+02
3.798174381256103516e+00 5.383998394012451172e+00 nan 2.947725830078125000e+03 3.050701599121093750e+02
3.886613368988037109e+00 5.449080467224121094e+00 nan 2.926418212890625000e+03 3.049257202148437500e+02
4.187647819519042969e+00 5.428821563720703125e+00 nan 2.902144287109375000e+03 3.049963073730468750e+02
4.680931091308593750e+00 5.348136425018310547e+00 nan 2.878530517578125000e+03 3.052817382812500000e+02
4.860271930694580078e+00 5.380020141601562500e+00 nan 2.858319824218750000e+03 3.052551879882812500e+02
4.589976787567138672e+00 5.450417518615722656e+00 nan 2.836848632812500000e+03 3.047442016601562500e+02
4.033064842224121094e+00 5.872802257537841797e+00 nan 2.811084960937500000e+03 3.038667602539062500e+02
3.843449592590332031e+00 6.112095832824707031e+00 nan 2.789661132812500000e+03 3.034045410156250000e+02
3.963488340377807617e+00 6.156804084777832031e+00 nan 2.769270507812500000e+03 3.033322143554687500e+02
4.178647994995117188e+00 6.151399612426757812e+00 nan 2.745841796875000000e+03 3.033255004882812500e+02
4.446038246154785156e+00 6.127573966979980469e+00 nan 2.723142333984375000e+03 3.033692626953125000e+02
4.700360298156738281e+00 6.102373123168945312e+00 nan 2.700136718750000000e+03 3.033967285156250000e+02
4.881628036499023438e+00 6.191380500793457031e+00 nan 2.676396728515625000e+03 3.033447875976562500e+02
4.973118782043457031e+00 6.218176841735839844e+00 nan 2.654393554687500000e+03 3.032092285156250000e+02
5.054055690765380859e+00 6.215219974517822266e+00 nan 2.633077148437500000e+03 3.030740661621093750e+02
5.305222511291503906e+00 6.246875762939453125e+00 nan 2.611338623046875000e+03 3.030992431640625000e+02
5.325313568115234375e+00 6.149801731109619141e+00 nan 2.589880615234375000e+03 3.029056091308593750e+02
5.439235210418701172e+00 6.199165344238281250e+00 nan 2.566591308593750000e+03 3.028009948730468750e+02
5.571547508239746094e+00 6.180127143859863281e+00 nan 2.547291992187500000e+03 3.027419738769531250e+02
5.296548843383789062e+00 6.390153408050537109e+00 nan 2.525853027343750000e+03 3.021902465820312500e+02
5.270628452301025391e+00 6.438769817352294922e+00 nan 2.502248046875000000e+03 3.019411926269531250e+02
5.422239780426025391e+00 6.485250949859619141e+00 nan 2.479069335937500000e+03 3.018916320800781250e+02
5.509246826171875000e+00 6.524032592773437500e+00 nan 2.456668212890625000e+03 3.017523803710937500e+02
5.573396682739257812e+00 6.560673236846923828e+00 nan 2.437452636718750000e+03 3.016004943847656250e+02
5.644127845764160156e+00 6.604041099548339844e+00 nan 2.416591308593750000e+03 3.014525146484375000e+02
5.647732257843017578e+00 6.724123954772949219e+00 nan 2.393166015625000000e+03 3.012050170898437500e+02
5.920421600341796875e+00 6.658617019653320312e+00 nan 2.369143066406250000e+03 3.012530212402343750e+02
6.241667747497558594e+00 6.697546958923339844e+00 nan 2.348016601562500000e+03 3.014022216796875000e+02
6.040891647338867188e+00 6.717437267303466797e+00 5.793464183807373047e-01 2.328502929687500000e+03 3.009493713378906250e+02
5.658059120178222656e+00 3.023649692535400391e+00 7.038013935089111328e-01 2.305816894531250000e+03 3.003239746093750000e+02
5.693795204162597656e+00 nan 7.512298226356506348e-01 2.281399169921875000e+03 3.001042480468750000e+02
5.877630233764648438e+00 nan 6.170232295989990234e-01 2.264406250000000000e+03 3.001498413085937500e+02
5.839040756225585938e+00 nan 9.439847469329833984e-01 2.240461181640625000e+03 2.998198547363281250e+02
5.981769561767578125e+00 nan 6.941419839859008789e-01 2.219264160156250000e+03 2.997881164550781250e+02
6.336802959442138672e+00 nan nan 2.179822021484375000e+03 2.998830261230468750e+02
6.972599029541015625e+00 nan 3.793980181217193604e-01 2.178177246093750000e+03 3.004097290039062500e+02
7.290241241455078125e+00 nan nan 2.155295166015625000e+03 3.005666503906250000e+02
7.205979824066162109e+00 nan nan 2.133620361328125000e+03 3.001874694824218750e+02
7.724105358123779297e+00 nan nan 2.109986572265625000e+03 3.005142211914062500e+02
8.028198242187500000e+00 nan nan 2.074112304687500000e+03 3.006475830078125000e+02
8.121108055114746094e+00 nan nan 2.055159179687500000e+03 3.005656127929687500e+02
7.230803489685058594e+00 nan nan 2.015542602539062500e+03 2.993922119140625000e+02
7.353556156158447266e+00 nan nan 1.997443115234375000e+03 2.992984008789062500e+02
8.336064338684082031e+00 7.183076381683349609e+00 nan 1.981695800781250000e+03 3.001198120117187500e+02
8.914276123046875000e+00 7.090867996215820312e+00 nan 1.966960937500000000e+03 3.004767456054687500e+02
8.924987792968750000e+00 7.082493305206298828e+00 nan 1.950027954101562500e+03 3.003275146484375000e+02
8.431087493896484375e+00 7.131069183349609375e+00 nan 1.931650024414062500e+03 2.996381835937500000e+02
8.874387741088867188e+00 7.185401916503906250e+00 nan 1.908496093750000000e+03 2.998698730468750000e+02
8.933891296386718750e+00 7.167506694793701172e+00 nan 1.888579101562500000e+03 2.997049865722656250e+02
8.239637374877929688e+00 7.341444969177246094e+00 nan 1.870514160156250000e+03 2.987693481445312500e+02
7.705634117126464844e+00 7.750894546508789062e+00 2.492951154708862305e-01 1.849633789062500000e+03 2.979979248046875000e+02
7.793948173522949219e+00 7.581186771392822266e+00 2.812308371067047119e-01 1.825781005859375000e+03 2.978485107421875000e+02
7.863506793975830078e+00 7.672764778137207031e+00 4.415431618690490723e-01 1.804119506835937500e+03 2.977030639648437500e+02
7.902963161468505859e+00 7.646492004394531250e+00 3.252117633819580078e-01 1.786592041015625000e+03 2.975264892578125000e+02
7.896032810211181641e+00 7.840914726257324219e+00 4.696165621280670166e-01 1.768148071289062500e+03 2.974107360839843750e+02
8.147854804992675781e+00 7.776158332824707031e+00 4.638680219650268555e-01 1.746152587890625000e+03 2.973765563964843750e+02
8.074813842773437500e+00 7.802557468414306641e+00 1.092596352100372314e-01 1.723874755859375000e+03 2.970880126953125000e+02
8.008378982543945312e+00 7.931455612182617188e+00 2.183943539857864380e-01 1.705385131835937500e+03 2.968612670898437500e+02
8.106429100036621094e+00 7.976975917816162109e+00 2.540763318538665771e-01 1.687702148437500000e+03 2.967565917968750000e+02
8.302986145019531250e+00 7.845041751861572266e+00 2.271925508975982666e-01 1.667095947265625000e+03 2.967607421875000000e+02
8.302086830139160156e+00 8.020309448242187500e+00 2.122568190097808838e-01 1.647673583984375000e+03 2.965786437988281250e+02
8.620412826538085938e+00 8.081262588500976562e+00 2.454476654529571533e-01 1.624763183593750000e+03 2.966583557128906250e+02
8.895521163940429688e+00 8.020290374755859375e+00 2.890117168426513672e-01 1.602180664062500000e+03 2.966994628906250000e+02
8.997640609741210938e+00 8.228338241577148438e+00 2.786558270454406738e-01 1.580532958984375000e+03 2.966530151367187500e+02
9.214027404785156250e+00 8.286675453186035156e+00 2.981771230697631836e-01 1.558046142578125000e+03 2.967070617675781250e+02
9.365404129028320312e+00 8.138633728027343750e+00 2.776959240436553955e-01 1.546339111328125000e+03 2.966606445312500000e+02
9.511779785156250000e+00 8.220844268798828125e+00 1.862899810075759888e-01 1.531522216796875000e+03 2.966319885253906250e+02
9.712070465087890625e+00 8.431679725646972656e+00 2.301721572875976562e-01 1.511015380859375000e+03 2.965916137695312500e+02
9.776650428771972656e+00 8.468280792236328125e+00 9.600001573562622070e-02 1.492046508789062500e+03 2.964666442871093750e+02
9.845680236816406250e+00 8.491985321044921875e+00 7.604893296957015991e-02 1.473940185546875000e+03 2.963460388183593750e+02
9.903776168823242188e+00 8.513552665710449219e+00 nan 1.452787475585937500e+03 2.961954040527343750e+02
1.007802391052246094e+01 8.469461441040039062e+00 nan 1.435370117187500000e+03 2.962087402343750000e+02
1.019802379608154297e+01 8.379248619079589844e+00 nan 1.416693847656250000e+03 2.961354980468750000e+02
1.020679473876953125e+01 8.277539253234863281e+00 nan 1.396524169921875000e+03 2.959435424804687500e+02
1.034349250793457031e+01 8.504735946655273438e+00 nan 1.376339111328125000e+03 2.958750915527343750e+02
1.053046607971191406e+01 8.505095481872558594e+00 nan 1.356836059570312500e+03 2.958741455078125000e+02
1.076662254333496094e+01 8.506005287170410156e+00 nan 1.336185302734375000e+03 2.959178161621093750e+02
1.087882709503173828e+01 8.540472984313964844e+00 nan 1.316690307617187500e+03 2.958697814941406250e+02
1.112040233612060547e+01 8.416943550109863281e+00 nan 1.296861083984375000e+03 2.958818969726562500e+02
1.134229278564453125e+01 8.407037734985351562e+00 nan 1.279931518554687500e+03 2.959314880371093750e+02
1.155473423004150391e+01 8.332048416137695312e+00 nan 1.258572265625000000e+03 2.959590759277343750e+02
1.177661228179931641e+01 8.358653068542480469e+00 nan 1.238226684570312500e+03 2.959906005859375000e+02
1.182690143585205078e+01 8.331981658935546875e+00 nan 1.221318603515625000e+03 2.958839111328125000e+02
1.201910400390625000e+01 8.294950485229492188e+00 nan 1.203706298828125000e+03 2.958716735839843750e+02
1.215273475646972656e+01 8.288617134094238281e+00 nan 1.183956787109375000e+03 2.958160095214843750e+02
1.238462162017822266e+01 8.318561553955078125e+00 nan 1.165526733398437500e+03 2.958494262695312500e+02
1.241400718688964844e+01 8.253656387329101562e+00 nan 1.146896972656250000e+03 2.957266845703125000e+02
1.251865482330322266e+01 8.342897415161132812e+00 nan 1.128174804687500000e+03 2.956489562988281250e+02
1.260438346862792969e+01 8.413974761962890625e+00 nan 1.107175292968750000e+03 2.955303955078125000e+02
1.265377616882324219e+01 8.516406059265136719e+00 nan 1.087462890625000000e+03 2.953775634765625000e+02
1.282055950164794922e+01 8.339043617248535156e+00 nan 1.069129516601562500e+03 2.953592529296875000e+02
1.315056991577148438e+01 8.341066360473632812e+00 nan 1.051258056640625000e+03 2.955212707519531250e+02
1.347686195373535156e+01 8.362447738647460938e+00 nan 1.032520996093750000e+03 2.956621093750000000e+02
1.346246910095214844e+01 8.296861648559570312e+00 nan 1.013804870605468750e+03 2.954639282226562500e+02
1.352473640441894531e+01 8.379541397094726562e+00 nan 9.953787841796875000e+02 2.953263244628906250e+02
1.377089500427246094e+01 8.456876754760742188e+00 nan 9.769183959960937500e+02 2.954271850585937500e+02
1.394086265563964844e+01 8.350067138671875000e+00 nan 9.571738281250000000e+02 2.953903198242187500e+02
1.416072177886962891e+01 8.368412017822265625e+00 nan 9.352984619140625000e+02 2.954100036621093750e+02
1.411171531677246094e+01 8.655132293701171875e+00 nan 9.184070434570312500e+02 2.951632690429687500e+02
1.428738307952880859e+01 8.840708732604980469e+00 nan 9.000771484375000000e+02 2.952217712402343750e+02
1.411770057678222656e+01 8.804014205932617188e+00 nan 8.819016113281250000e+02 2.948302612304687500e+02
1.446996784210205078e+01 8.804893493652343750e+00 nan 8.620811767578125000e+02 2.949868774414062500e+02
1.460195541381835938e+01 8.758490562438964844e+00 nan 8.451450195312500000e+02 2.949803161621093750e+02
1.477490139007568359e+01 8.836861610412597656e+00 nan 8.257096557617187500e+02 2.949737548828125000e+02
1.477159976959228516e+01 9.026455879211425781e+00 nan 8.067140502929687500e+02 2.947859497070312500e+02
1.493899726867675781e+01 9.090007781982421875e+00 nan 7.887402343750000000e+02 2.947469482421875000e+02
1.516472721099853516e+01 9.106702804565429688e+00 nan 7.723796386718750000e+02 2.947984008789062500e+02
1.528477764129638672e+01 9.037908554077148438e+00 nan 7.538719482421875000e+02 2.947519836425781250e+02
1.543991661071777344e+01 9.044689178466796875e+00 nan 7.336948242187500000e+02 2.947413940429687500e+02
1.541194629669189453e+01 9.276284217834472656e+00 nan 7.152626953125000000e+02 2.945563049316406250e+02
1.552978610992431641e+01 9.446440696716308594e+00 nan 6.959722900390625000e+02 2.943858642578125000e+02
1.556598472595214844e+01 9.439132690429687500e+00 nan 6.800616455078125000e+02 2.943172302246093750e+02
1.585580825805664062e+01 9.434922218322753906e+00 nan 6.602265625000000000e+02 2.943905334472656250e+02
1.593849658966064453e+01 9.503303527832031250e+00 nan 6.433060302734375000e+02 2.943643493652343750e+02
1.621651458740234375e+01 9.396056175231933594e+00 nan 6.276267700195312500e+02 2.944476318359375000e+02
1.640323257446289062e+01 9.387161254882812500e+00 nan 6.078651733398437500e+02 2.944238281250000000e+02
1.658182144165039062e+01 9.357260704040527344e+00 nan 5.879967651367187500e+02 2.944621582031250000e+02
1.676503562927246094e+01 9.382098197937011719e+00 nan 5.718580322265625000e+02 2.944816284179687500e+02
1.694132041931152344e+01 9.353934288024902344e+00 nan 5.525740966796875000e+02 2.944439697265625000e+02
1.706787300109863281e+01 9.389192581176757812e+00 nan 5.356958007812500000e+02 2.944226684570312500e+02
1.728642272949218750e+01 9.327939987182617188e+00 nan 5.178728637695312500e+02 2.944519653320312500e+02
1.738798522949218750e+01 9.335238456726074219e+00 nan 5.007172851562500000e+02 2.943903198242187500e+02
1.751593208312988281e+01 9.350877761840820312e+00 nan 4.821596069335937500e+02 2.943584899902343750e+02
1.768243789672851562e+01 9.396033287048339844e+00 nan 4.643421020507812500e+02 2.943303527832031250e+02
1.774327278137207031e+01 9.365919113159179688e+00 nan 4.476973266601562500e+02 2.942354125976562500e+02
1.791506958007812500e+01 9.396705627441406250e+00 nan 4.301631469726562500e+02 2.942257080078125000e+02
1.809719467163085938e+01 9.369964599609375000e+00 nan 4.130209350585937500e+02 2.942415466308593750e+02
1.826403427124023438e+01 9.381196022033691406e+00 nan 3.940883483886718750e+02 2.942156066894531250e+02
1.827978706359863281e+01 9.481918334960937500e+00 nan 3.763327941894531250e+02 2.940570678710937500e+02
1.843478584289550781e+01 9.505174636840820312e+00 nan 3.577705993652343750e+02 2.940383300781250000e+02
1.857637977600097656e+01 9.434232711791992188e+00 nan 3.393782958984375000e+02 2.940049133300781250e+02
1.862225914001464844e+01 9.480937957763671875e+00 nan 3.229052734375000000e+02 2.938973693847656250e+02
1.864482498168945312e+01 9.498323440551757812e+00 nan 3.053012695312500000e+02 2.937372436523437500e+02
1.877322196960449219e+01 9.535737991333007812e+00 nan 2.880934753417968750e+02 2.937002563476562500e+02
1.895949935913085938e+01 9.542535781860351562e+00 nan 2.705554199218750000e+02 2.937110595703125000e+02
1.907920074462890625e+01 9.512520790100097656e+00 nan 2.513398132324218750e+02 2.936542663574218750e+02
1.911290168762207031e+01 9.550764083862304688e+00 nan 2.337120971679687500e+02 2.935226745605468750e+02
1.921898078918457031e+01 9.586516380310058594e+00 nan 2.174284362792968750e+02 2.934608154296875000e+02
1.937098693847656250e+01 9.592430114746093750e+00 nan 2.016806335449218750e+02 2.934590454101562500e+02
1.943624305725097656e+01 9.530320167541503906e+00 nan 1.844132537841796875e+02 2.933673706054687500e+02
1.959354019165039062e+01 9.567321777343750000e+00 nan 1.648683166503906250e+02 2.933337097167968750e+02
1.968658065795898438e+01 9.824728012084960938e+00 nan 1.475753326416015625e+02 2.932272949218750000e+02
1.975850868225097656e+01 9.903807640075683594e+00 nan 1.289088745117187500e+02 2.931086425781250000e+02
1.990536689758300781e+01 9.857052803039550781e+00 nan 1.131495513916015625e+02 2.931333312988281250e+02
2.010533523559570312e+01 9.635478973388671875e+00 nan 9.562287139892578125e+01 2.931630249023437500e+02
2.020499992370605469e+01 9.824519157409667969e+00 nan 7.888701629638671875e+01 2.931116638183593750e+02
2.041797065734863281e+01 9.973048210144042969e+00 nan 6.118562316894531250e+01 2.931488647460937500e+02
2.061483764648437500e+01 1.014552974700927734e+01 nan 4.237265777587890625e+01 2.931621704101562500e+02
