-2.163519668579101562e+01 1.372331142425537109e+00 nan 7.406788574218750000e+03 3.265264282226562500e+02
-2.134993743896484375e+01 1.569530963897705078e+00 nan 7.373396484375000000e+03 3.264747619628906250e+02
-2.109943008422851562e+01 1.700066328048706055e+00 nan 7.336720703125000000e+03 3.263581848144531250e+02
-2.072747993469238281e+01 1.701141595840454102e+00 nan 7.297764160156250000e+03 3.263187255859375000e+02
-2.049006462097167969e+01 1.694890141487121582e+00 nan 7.263959960937500000e+03 3.261927490234375000e+02
-2.025370788574218750e+01 1.573936104774475098e+00 nan 7.228747070312500000e+03 3.260584716796875000e+02
-2.001352691650390625e+01 1.685043334960937500e+00 nan 7.192406250000000000e+03 3.259049682617187500e+02
-1.977908325195312500e+01 1.783807158470153809e+00 nan 7.156848632812500000e+03 3.257559204101562500e+02
-1.953406715393066406e+01 1.751088857650756836e+00 nan 7.121373046875000000e+03 3.256245727539062500e+02
-1.928546524047851562e+01 1.901193499565124512e+00 nan 7.084208007812500000e+03 3.254840393066406250e+02
-1.904110336303710938e+01 1.916055917739868164e+00 nan 7.049222167968750000e+03 3.253349609375000000e+02
-1.883075141906738281e+01 1.942274570465087891e+00 nan 7.014147460937500000e+03 3.252139892578125000e+02
-1.851913452148437500e+01 1.867876172065734863e+00 nan 6.980610839843750000e+03 3.251485595703125000e+02
-1.836826515197753906e+01 2.020465612411499023e+00 nan 6.948293457031250000e+03 3.249312744140625000e+02
-1.808156013488769531e+01 1.981328487396240234e+00 nan 6.913103515625000000e+03 3.248664550781250000e+02
-1.776450729370117188e+01 2.045983552932739258e+00 nan 6.878976562500000000e+03 3.248399047851562500e+02
-1.755896949768066406e+01 2.037645101547241211e+00 nan 6.843145019531250000e+03 3.246907348632812500e+02
-1.728307723999023438e+01 2.051724433898925781e+00 nan 6.807544921875000000e+03 3.245619506835937500e+02
-1.703925323486328125e+01 2.096297264099121094e+00 nan 6.775011718750000000e+03 3.244644775390625000e+02
-1.680079841613769531e+01 2.063161373138427734e+00 nan 6.741397460937500000e+03 3.244163513183593750e+02
-1.648120117187500000e+01 2.136724948883056641e+00 nan 6.704178710937500000e+03 3.242933349609375000e+02
-1.620689392089843750e+01 2.078684568405151367e+00 nan 6.668982910156250000e+03 3.242043762207031250e+02
-1.598195266723632812e+01 2.124487638473510742e+00 nan 6.634558105468750000e+03 3.240575561523437500e+02
-1.575177288055419922e+01 2.197601318359375000e+00 nan 6.602065429687500000e+03 3.239478149414062500e+02
-1.548728942871093750e+01 2.289052009582519531e+00 nan 6.569686035156250000e+03 3.238764038085937500e+02
-1.524152755737304688e+01 2.322796344757080078e+00 nan 6.535410156250000000e+03 3.237630004882812500e+02
-1.501989555358886719e+01 2.344028711318969727e+00 nan 6.503779296875000000e+03 3.236519775390625000e+02
-1.475344085693359375e+01 2.354026317596435547e+00 nan 6.470357421875000000e+03 3.235752868652343750e+02
-1.447705364227294922e+01 2.417350053787231445e+00 nan 6.434150390625000000e+03 3.234742431640625000e+02
-1.420977115631103516e+01 2.388331174850463867e+00 nan 6.400935058593750000e+03 3.233912658691406250e+02
-1.409544181823730469e+01 2.427564382553100586e+00 nan 6.372555664062500000e+03 3.232029418945312500e+02
-1.391395950317382812e+01 2.454879999160766602e+00 nan 6.344347167968750000e+03 3.230813903808593750e+02
-1.377404880523681641e+01 2.542101144790649414e+00 nan 6.310816894531250000e+03 3.228529968261718750e+02
-1.357266902923583984e+01 2.685297966003417969e+00 nan 6.278000000000000000e+03 3.226956176757812500e+02
-1.338906574249267578e+01 2.750826835632324219e+00 nan 6.246224121093750000e+03 3.225426635742187500e+02
-1.317731857299804688e+01 2.794211864471435547e+00 nan 6.210751953125000000e+03 3.223790893554687500e+02
-1.300087261199951172e+01 2.820713996887207031e+00 nan 6.174856445312500000e+03 3.222094421386718750e+02
-1.268022441864013672e+01 2.867330789566040039e+00 nan 6.143476074218750000e+03 3.221628112792968750e+02
-1.247270393371582031e+01 2.897835731506347656e+00 nan 6.112469726562500000e+03 3.220492248535156250e+02
-1.232407474517822266e+01 2.943500280380249023e+00 nan 6.082026367187500000e+03 3.218640136718750000e+02
-1.207214355468750000e+01 2.927901029586791992e+00 nan 6.052390625000000000e+03 3.218310852050781250e+02
-1.183311080932617188e+01 2.943441390991210938e+00 nan 6.019591796875000000e+03 3.217311401367187500e+02
-1.165278244018554688e+01 3.068763256072998047e+00 nan 5.986311523437500000e+03 3.215513305664062500e+02
-1.146076107025146484e+01 3.063229560852050781e+00 nan 5.955939941406250000e+03 3.214144897460937500e+02
-1.122811794281005859e+01 3.062964916229248047e+00 nan 5.924041015625000000e+03 3.213170471191406250e+02
-1.108619499206542969e+01 3.102173805236816406e+00 nan 5.891515625000000000e+03 3.210930480957031250e+02
-1.096671009063720703e+01 3.156626462936401367e+00 nan 5.860455078125000000e+03 3.208736267089843750e+02
-1.075549983978271484e+01 3.179606676101684570e+00 nan 5.829909179687500000e+03 3.207677307128906250e+02
-1.068099498748779297e+01 3.271369695663452148e+00 nan 5.797820800781250000e+03 3.204844665527343750e+02
-1.059483909606933594e+01 3.168497323989868164e+00 nan 5.769052734375000000e+03 3.202429809570312500e+02
-1.029030323028564453e+01 3.314754724502563477e+00 nan 5.739706542968750000e+03 3.201943359375000000e+02
-1.021567726135253906e+01 3.260243177413940430e+00 nan 5.706063964843750000e+03 3.199413452148437500e+02
-1.008481693267822266e+01 3.303341388702392578e+00 nan 5.674048339843750000e+03 3.197255249023437500e+02
-9.771658897399902344e+00 3.337078332901000977e+00 nan 5.643361816406250000e+03 3.197420349121093750e+02
-9.614983558654785156e+00 3.413357973098754883e+00 nan 5.613965820312500000e+03 3.195759582519531250e+02
-9.432186126708984375e+00 3.454947233200073242e+00 nan 5.586061523437500000e+03 3.194794921875000000e+02
-9.148556709289550781e+00 3.474409103393554688e+00 nan 5.557011718750000000e+03 3.194804992675781250e+02
-8.962077140808105469e+00 3.463376522064208984e+00 nan 5.526452636718750000e+03 3.193341674804687500e+02
-8.801969528198242188e+00 3.514283180236816406e+00 nan 5.494966796875000000e+03 3.191636962890625000e+02
-8.604342460632324219e+00 3.527568101882934570e+00 nan 5.464800781250000000e+03 3.190499267578125000e+02
-8.401028633117675781e+00 3.608101367950439453e+00 nan 5.437557617187500000e+03 3.189717102050781250e+02
-8.197757720947265625e+00 3.608362436294555664e+00 nan 5.412604492187500000e+03 3.189194641113281250e+02
-8.018984794616699219e+00 3.633148193359375000e+00 nan 5.384604492187500000e+03 3.187998657226562500e+02
-7.793393135070800781e+00 3.628815650939941406e+00 nan 5.354062500000000000e+03 3.187088317871093750e+02
-7.514599323272705078e+00 3.644750118255615234e+00 nan 5.320201171875000000e+03 3.186421813964843750e+02
-7.256577014923095703e+00 3.673249483108520508e+00 nan 5.290470214843750000e+03 3.186083984375000000e+02
-7.096761703491210938e+00 3.669480323791503906e+00 nan 5.268984863281250000e+03 3.185490112304687500e+02
-6.915160179138183594e+00 3.799374580383300781e+00 nan 5.234858398437500000e+03 3.183481445312500000e+02
-6.740935325622558594e+00 3.784998893737792969e+00 nan 5.197106933593750000e+03 3.181254272460937500e+02
-6.596923351287841797e+00 3.804918289184570312e+00 nan 5.171188476562500000e+03 3.179963684082031250e+02
-6.434543609619140625e+00 3.861995220184326172e+00 nan 5.144895996093750000e+03 3.178846740722656250e+02
-6.331271648406982422e+00 3.825946807861328125e+00 nan 5.118874511718750000e+03 3.177044372558593750e+02
-6.253155708312988281e+00 3.944527387619018555e+00 nan 5.093768554687500000e+03 3.174986267089843750e+02
-6.124979972839355469e+00 3.880169630050659180e+00 nan 5.058695312500000000e+03 3.172473144531250000e+02
-5.962433815002441406e+00 3.993895769119262695e+00 nan 5.026414062500000000e+03 3.170687866210937500e+02
-5.855040550231933594e+00 4.057866096496582031e+00 nan 5.006750976562500000e+03 3.169652709960937500e+02
-5.683146476745605469e+00 4.146743297576904297e+00 nan 4.979887695312500000e+03 3.168537597656250000e+02
-5.534130096435546875e+00 4.209828376770019531e+00 nan 4.948123535156250000e+03 3.166601257324218750e+02
-5.541930675506591797e+00 4.186077117919921875e+00 nan 4.915456054687500000e+03 3.162715148925781250e+02
-5.445701599121093750e+00 4.239708900451660156e+00 nan 4.885403320312500000e+03 3.160144653320312500e+02
-5.284605503082275391e+00 4.199621200561523438e+00 nan 4.861244628906250000e+03 3.159259643554687500e+02
-5.125555992126464844e+00 4.223754882812500000e+00 nan 4.836498046875000000e+03 3.158672485351562500e+02
-4.968290328979492188e+00 4.288235664367675781e+00 nan 4.807569335937500000e+03 3.156986389160156250e+02
-4.795993804931640625e+00 4.378363609313964844e+00 nan 4.776519042968750000e+03 3.154789733886718750e+02
-4.739807605743408203e+00 4.436925411224365234e+00 nan 4.748205566406250000e+03 3.152919616699218750e+02
-4.669117927551269531e+00 4.467037677764892578e+00 nan 4.720645019531250000e+03 3.150513000488281250e+02
-4.672194004058837891e+00 4.520561695098876953e+00 nan 4.694317871093750000e+03 3.146625671386718750e+02
-4.619924068450927734e+00 4.561949253082275391e+00 nan 4.668313964843750000e+03 3.144378967285156250e+02
-4.456962585449218750e+00 4.524148464202880859e+00 nan 4.640815917968750000e+03 3.144095153808593750e+02
-4.204212665557861328e+00 4.576817035675048828e+00 nan 4.611924804687500000e+03 3.143282775878906250e+02
-4.068609237670898438e+00 4.614200592041015625e+00 nan 4.586918945312500000e+03 3.142179565429687500e+02
-3.760480642318725586e+00 4.530817508697509766e+00 nan 4.561364257812500000e+03 3.142919921875000000e+02
-3.709444999694824219e+00 4.653637409210205078e+00 nan 4.534136718750000000e+03 3.140415649414062500e+02
-3.571046352386474609e+00 4.695938587188720703e+00 nan 4.508061035156250000e+03 3.139026489257812500e+02
-3.440071582794189453e+00 4.624962806701660156e+00 nan 4.483080566406250000e+03 3.137680053710937500e+02
-3.205089330673217773e+00 4.736573696136474609e+00 nan 4.456802246093750000e+03 3.137488098144531250e+02
-3.254493474960327148e+00 4.830184459686279297e+00 nan 4.425030761718750000e+03 3.133132324218750000e+02
-3.078634262084960938e+00 4.875946521759033203e+00 nan 4.401109375000000000e+03 3.132645568847656250e+02
-2.883440494537353516e+00 5.068896770477294922e+00 nan 4.377360351562500000e+03 3.132547302246093750e+02
-2.636719942092895508e+00 5.015521526336669922e+00 nan 4.347718750000000000e+03 3.131873779296875000e+02
-2.522970438003540039e+00 5.026099205017089844e+00 nan 4.320405761718750000e+03 3.129969787597656250e+02
-2.237335443496704102e+00 5.112964153289794922e+00 nan 4.292965820312500000e+03 3.129990844726562500e+02
-2.101488828659057617e+00 5.229004383087158203e+00 nan 4.269325683593750000e+03 3.129039916992187500e+02
-1.942660808563232422e+00 5.183106422424316406e+00 nan 4.245654785156250000e+03 3.128097839355468750e+02
-1.771454572677612305e+00 5.138447761535644531e+00 nan 4.215667480468750000e+03 3.126569824218750000e+02
-1.679139614105224609e+00 5.160854339599609375e+00 nan 4.188814453125000000e+03 3.124736328125000000e+02
-1.568299412727355957e+00 5.151118278503417969e+00 nan 4.161989746093750000e+03 3.123008422851562500e+02
-1.534251570701599121e+00 5.200295448303222656e+00 nan 4.137270507812500000e+03 3.120717468261718750e+02
-1.376381278038024902e+00 5.384072780609130859e+00 nan 4.114132812500000000e+03 3.119950256347656250e+02
-1.122467517852783203e+00 5.470611095428466797e+00 nan 4.085870361328125000e+03 3.119741210937500000e+02
-1.113486289978027344e+00 5.570176124572753906e+00 nan 4.061140625000000000e+03 3.117046508789062500e+02
-8.597404956817626953e-01 5.536418914794921875e+00 2.254268899559974670e-02 4.035189453125000000e+03 3.116998901367187500e+02
-8.126814365386962891e-01 5.505865097045898438e+00 nan 4.008107421875000000e+03 3.114515380859375000e+02
-6.859593987464904785e-01 5.596683502197265625e+00 nan 3.984460449218750000e+03 3.113312988281250000e+02
-5.460039973258972168e-01 5.667342662811279297e+00 nan 3.958956054687500000e+03 3.112103576660156250e+02
-5.779576897621154785e-01 5.772884845733642578e+00 4.407084360718727112e-02 3.933162597656250000e+03 3.108798217773437500e+02
-6.038906574249267578e-01 5.770232677459716797e+00 3.801519423723220825e-02 3.908707763671875000e+03 3.105829772949218750e+02
-5.093864798545837402e-01 5.747321128845214844e+00 3.107975423336029053e-02 3.886242675781250000e+03 3.104362792968750000e+02
-3.624441623687744141e-01 5.728449821472167969e+00 2.802113816142082214e-02 3.860016113281250000e+03 3.103136596679687500e+02
-2.746744155883789062e-01 5.743336677551269531e+00 1.348510831594467163e-01 3.832865722656250000e+03 3.101292724609375000e+02
-1.762773245573043823e-01 5.785090446472167969e+00 9.431943297386169434e-02 3.810516601562500000e+03 3.099790649414062500e+02
-2.179576009511947632e-01 5.804857730865478516e+00 3.554569557309150696e-02 3.784515380859375000e+03 3.096448974609375000e+02
-8.236398547887802124e-02 5.796717643737792969e+00 nan 3.760000000000000000e+03 3.095269165039062500e+02
6.968598812818527222e-02 5.852037429809570312e+00 nan 3.735709472656250000e+03 3.094617919921875000e+02
2.808951735496520996e-01 5.858963966369628906e+00 nan 3.710917968750000000e+03 3.094004516601562500e+02
2.221806943416595459e-01 5.921289920806884766e+00 nan 3.684817871093750000e+03 3.090543212890625000e+02
2.882924675941467285e-01 5.901080131530761719e+00 nan 3.658313476562500000e+03 3.088323974609375000e+02
4.166188240051269531e-01 5.958853244781494141e+00 nan 3.637397949218750000e+03 3.087452392578125000e+02
4.992345273494720459e-01 5.947233200073242188e+00 nan 3.614003906250000000e+03 3.086065063476562500e+02
7.133114337921142578e-01 6.038287162780761719e+00 nan 3.585998291015625000e+03 3.085510559082031250e+02
8.092355728149414062e-01 6.091548919677734375e+00 nan 3.559257324218750000e+03 3.083217773437500000e+02
8.925610184669494629e-01 5.862234592437744141e+00 nan 3.535564941406250000e+03 3.080929565429687500e+02
9.382361769676208496e-01 5.977570533752441406e+00 nan 3.513366210937500000e+03 3.080148925781250000e+02
1.332876443862915039e+00 5.766326904296875000e+00 nan 3.489828369140625000e+03 3.081387939453125000e+02
1.648646116256713867e+00 5.784934043884277344e+00 nan 3.467033691406250000e+03 3.082581787109375000e+02
2.021432399749755859e+00 5.850843429565429688e+00 nan 3.441648925781250000e+03 3.083973388671875000e+02
2.114243030548095703e+00 6.038615226745605469e+00 nan 3.416798339843750000e+03 3.082472534179687500e+02
1.917436718940734863e+00 6.094249725341796875e+00 nan 3.393345703125000000e+03 3.077716979980468750e+02
1.941979169845581055e+00 5.924613475799560547e+00 nan 3.368543457031250000e+03 3.075643310546875000e+02
1.932386517524719238e+00 5.981112003326416016e+00 nan 3.341413818359375000e+03 3.072666625976562500e+02
1.268065094947814941e+00 5.639206886291503906e+00 nan 3.317893554687500000e+03 3.062582702636718750e+02
1.460368514060974121e+00 5.599901199340820312e+00 nan 3.298462646484375000e+03 3.062434692382812500e+02
1.837179422378540039e+00 5.475620746612548828e+00 nan 3.273408935546875000e+03 3.063375549316406250e+02
2.222049236297607422e+00 5.620908737182617188e+00 nan 3.247056884765625000e+03 3.065127563476562500e+02
2.620919704437255859e+00 5.730590820312500000e+00 nan 3.227701171875000000e+03 3.067334594726562500e+02
2.810781478881835938e+00 5.976849079132080078e+00 nan 3.207976074218750000e+03 3.067505798339843750e+02
2.736107587814331055e+00 5.635032653808593750e+00 nan 3.179961425781250000e+03 3.063734741210937500e+02
3.023740768432617188e+00 5.782576560974121094e+00 nan 3.155158447265625000e+03 3.064205932617187500e+02
3.055502891540527344e+00 5.533662796020507812e+00 nan 3.134467285156250000e+03 3.062425231933593750e+02
3.278339385986328125e+00 5.636653423309326172e+00 nan 3.111930419921875000e+03 3.062424316406250000e+02
3.358630895614624023e+00 5.592882633209228516e+00 nan 3.090663574218750000e+03 3.060815124511718750e+02
3.192276477813720703e+00 5.221152305603027344e+00 nan 3.068091552734375000e+03 3.056637573242187500e+02
3.206147193908691406e+00 5.028622627258300781e+00 nan 3.045308837890625000e+03 3.054257507324218750e+02
3.229468822479248047e+00 4.939317703247070312e+00 nan 3.023516601562500000e+03 3.051910095214843750e+02
3.309070348739624023e+00 4.797573089599609375e+00 nan 2.998148437500000000e+03 3.050008239746093750e+02
3.394357681274414062e+00 4.665607929229736328e+00 nan 2.974831298828125000e+03 3.048435058593750000e+02
3.560264348983764648e+00 4.886504650115966797e+00 nan 2.952631347656250000e+03 3.048234863281250000e+02
3.548648357391357422e+00 4.679720401763916016e+00 nan 2.924103759765625000e+03 3.045155334472656250e+02
3.517627954483032227e+00 4.026076316833496094e+00 nan 2.902292480468750000e+03 3.042625427246093750e+02
3.629121780395507812e+00 3.932465553283691406e+00 nan 2.883665527343750000e+03 3.041632385253906250e+02
3.823134899139404297e+00 4.232888698577880859e+00 nan 2.856758789062500000e+03 3.040679931640625000e+02
3.938019990921020508e+00 4.360324382781982422e+00 nan 2.836175292968750000e+03 3.039779052734375000e+02
4.067482948303222656e+00 4.366829872131347656e+00 nan 2.815433593750000000e+03 3.039027709960937500e+02
4.228075981140136719e+00 4.445299148559570312e+00 nan 2.794589111328125000e+03 3.038591308593750000e+02
4.388016700744628906e+00 4.461009979248046875e+00 nan 2.773627685546875000e+03 3.038025817871093750e+02
4.529260158538818359e+00 4.519296646118164062e+00 nan 2.745856689453125000e+03 3.036768188476562500e+02
4.707380294799804688e+00 4.572436332702636719e+00 nan 2.724376464843750000e+03 3.036654968261718750e+02
4.876284122467041016e+00 4.600808143615722656e+00 nan 2.701557617187500000e+03 3.036076354980468750e+02
4.963509082794189453e+00 4.639338016510009766e+00 nan 2.678026611328125000e+03 3.034513854980468750e+02
5.094963073730468750e+00 4.665060520172119141e+00 nan 2.653710937500000000e+03 3.033327331542968750e+02
5.235661029815673828e+00 4.570403575897216797e+00 nan 2.628947998046875000e+03 3.032089233398437500e+02
5.277704238891601562e+00 4.539774417877197266e+00 nan 2.613159667968750000e+03 3.030719604492187500e+02
5.435619831085205078e+00 4.758266448974609375e+00 nan 2.595937011718750000e+03 3.030729675292968750e+02
5.631089210510253906e+00 4.870909214019775391e+00 nan 2.571008300781250000e+03 3.030156250000000000e+02
5.816319942474365234e+00 4.913338661193847656e+00 nan 2.546355957031250000e+03 3.029501037597656250e+02
5.960066318511962891e+00 5.034053325653076172e+00 nan 2.530059814453125000e+03 3.029410095214843750e+02
6.154033660888671875e+00 4.951040267944335938e+00 nan 2.505878906250000000e+03 3.028849487304687500e+02
6.319870471954345703e+00 4.896335601806640625e+00 nan 2.482161132812500000e+03 3.028153076171875000e+02
6.459812641143798828e+00 5.056847572326660156e+00 nan 2.459148681640625000e+03 3.027327880859375000e+02
6.665666580200195312e+00 5.009023189544677734e+00 nan 2.436366699218750000e+03 3.027098999023437500e+02
6.776068210601806641e+00 5.079551219940185547e+00 nan 2.422152832031250000e+03 3.026777648925781250e+02
6.942630767822265625e+00 5.037611961364746094e+00 nan 2.399186279296875000e+03 3.026246643066406250e+02
7.157279968261718750e+00 5.105314254760742188e+00 nan 2.376981201171875000e+03 3.026195678710937500e+02
7.371838569641113281e+00 5.031167030334472656e+00 nan 2.354965820312500000e+03 3.026379394531250000e+02
7.529770374298095703e+00 5.049944400787353516e+00 nan 2.333356445312500000e+03 3.025783081054687500e+02
7.695687770843505859e+00 5.037825584411621094e+00 nan 2.309614257812500000e+03 3.025130615234375000e+02
7.893040180206298828e+00 5.045774459838867188e+00 nan 2.285901855468750000e+03 3.024686584472656250e+02
8.016574859619140625e+00 5.059836387634277344e+00 nan 2.269923583984375000e+03 3.024406127929687500e+02
8.188821792602539062e+00 5.097478389739990234e+00 nan 2.245456054687500000e+03 3.023744506835937500e+02
8.401711463928222656e+00 5.124613285064697266e+00 nan 2.220809326171875000e+03 3.023407592773437500e+02
8.492188453674316406e+00 5.153976440429687500e+00 nan 2.204359130859375000e+03 3.022668457031250000e+02
8.634604454040527344e+00 5.156320571899414062e+00 nan 2.179635253906250000e+03 3.021675720214843750e+02
8.780681610107421875e+00 5.208595752716064453e+00 nan 2.154644287109375000e+03 3.020523681640625000e+02
8.870288848876953125e+00 5.186430454254150391e+00 nan 2.137976806640625000e+03 3.019675292968750000e+02
8.987369537353515625e+00 5.080801963806152344e+00 nan 2.121529296875000000e+03 3.019177551269531250e+02
9.181316375732421875e+00 5.108292102813720703e+00 nan 2.097352539062500000e+03 3.018822021484375000e+02
9.428760528564453125e+00 5.105208873748779297e+00 nan 2.073331542968750000e+03 3.018987121582031250e+02
9.527147293090820312e+00 5.078492641448974609e+00 nan 2.057219726562500000e+03 3.018410949707031250e+02
9.664758682250976562e+00 5.222351551055908203e+00 nan 2.032760253906250000e+03 3.017370605468750000e+02
9.811950683593750000e+00 5.272725105285644531e+00 nan 2.008084838867187500e+03 3.016326293945312500e+02
9.979177474975585938e+00 5.207467555999755859e+00 nan 1.991540405273437500e+03 3.016515808105468750e+02
1.013736820220947266e+01 5.197084426879882812e+00 nan 1.974901123046875000e+03 3.016363830566406250e+02
1.028057289123535156e+01 5.201069831848144531e+00 nan 1.958253784179687500e+03 3.016221618652343750e+02
1.053630638122558594e+01 5.223682403564453125e+00 nan 1.933031738281250000e+03 3.016260986328125000e+02
1.069627761840820312e+01 5.250428199768066406e+00 nan 1.907686401367187500e+03 3.015436706542968750e+02
1.077666473388671875e+01 5.263901233673095703e+00 nan 1.890918701171875000e+03 3.014506835937500000e+02
1.083205604553222656e+01 5.267430305480957031e+00 nan 1.874105346679687500e+03 3.013369140625000000e+02
1.092407608032226562e+01 5.188565254211425781e+00 nan 1.849366455078125000e+03 3.011572875976562500e+02
1.104264736175537109e+01 5.126919746398925781e+00 nan 1.825424926757812500e+03 3.010268859863281250e+02
1.111065196990966797e+01 5.263259410858154297e+00 nan 1.810074829101562500e+03 3.009456787109375000e+02
1.134113311767578125e+01 5.237652301788330078e+00 nan 1.795064941406250000e+03 3.010297241210937500e+02
1.159907722473144531e+01 5.247550964355468750e+00 nan 1.772806640625000000e+03 3.010719604492187500e+02
1.164933395385742188e+01 5.288420200347900391e+00 nan 1.751333740234375000e+03 3.008493957519531250e+02
1.133971786499023438e+01 5.613648891448974609e+00 nan 1.729797241210937500e+03 3.003582763671875000e+02
1.148105430603027344e+01 5.737355709075927734e+00 nan 1.709296875000000000e+03 3.002381286621093750e+02
1.144414138793945312e+01 5.838769912719726562e+00 nan 1.690917846679687500e+03 3.000384521484375000e+02
1.181246089935302734e+01 5.813105583190917969e+00 nan 1.667598388671875000e+03 3.002358398437500000e+02
1.193636798858642578e+01 5.697129249572753906e+00 nan 1.649199340820312500e+03 3.001245727539062500e+02
1.215166568756103516e+01 5.683515548706054688e+00 nan 1.631534667968750000e+03 3.001906127929687500e+02
1.224226379394531250e+01 5.896632194519042969e+00 nan 1.608827636718750000e+03 3.000391845703125000e+02
1.229203796386718750e+01 6.011137008666992188e+00 nan 1.586788330078125000e+03 2.998998718261718750e+02
1.244728851318359375e+01 6.117179870605468750e+00 nan 1.563937988281250000e+03 2.998471069335937500e+02
1.269909763336181641e+01 6.098396301269531250e+00 nan 1.545643554687500000e+03 2.998646850585937500e+02
1.282798385620117188e+01 6.124377250671386719e+00 nan 1.533476440429687500e+03 2.998821105957031250e+02
1.312117290496826172e+01 6.023298263549804688e+00 nan 1.515562744140625000e+03 3.000062561035156250e+02
1.344986724853515625e+01 5.708669185638427734e+00 nan 1.492957275390625000e+03 3.001201171875000000e+02
1.359722232818603516e+01 5.762117862701416016e+00 nan 1.471745605468750000e+03 3.000724182128906250e+02
1.388126277923583984e+01 5.784576416015625000e+00 nan 1.449391845703125000e+03 3.001566162109375000e+02
1.387194728851318359e+01 5.813575744628906250e+00 nan 1.431813842773437500e+03 2.999383850097656250e+02
1.399275588989257812e+01 5.965392112731933594e+00 nan 1.414463623046875000e+03 2.998518066406250000e+02
1.411459922790527344e+01 6.094578742980957031e+00 nan 1.391314453125000000e+03 2.997760009765625000e+02
1.430578994750976562e+01 6.153730392456054688e+00 nan 1.368173461914062500e+03 2.997509155273437500e+02
1.438197708129882812e+01 6.312722206115722656e+00 nan 1.349824462890625000e+03 2.996968994140625000e+02
1.461024284362792969e+01 6.249128341674804688e+00 nan 1.336444458007812500e+03 2.997043151855468750e+02
1.469009876251220703e+01 6.337445735931396484e+00 nan 1.316887817382812500e+03 2.996015625000000000e+02
1.482312870025634766e+01 6.430338382720947266e+00 nan 1.298360717773437500e+03 2.995393981933593750e+02
1.509004306793212891e+01 6.291975975036621094e+00 nan 1.282013183593750000e+03 2.997077941894531250e+02
1.502385902404785156e+01 6.513463973999023438e+00 nan 1.260663330078125000e+03 2.994074707031250000e+02
1.487387371063232422e+01 6.866999149322509766e+00 nan 1.239500488281250000e+03 2.990436401367187500e+02
1.506762027740478516e+01 7.071126937866210938e+00 nan 1.218432128906250000e+03 2.990296325683593750e+02
1.510626602172851562e+01 7.076690673828125000e+00 nan 1.202621582031250000e+03 2.989154663085937500e+02
1.499709129333496094e+01 7.245757579803466797e+00 nan 1.181666992187500000e+03 2.985987243652343750e+02
1.486735725402832031e+01 7.596870422363281250e+00 nan 1.159930053710937500e+03 2.982581787109375000e+02
1.448833084106445312e+01 7.989842414855957031e+00 nan 1.141970092773437500e+03 2.976658935546875000e+02
1.411088657379150391e+01 8.426419258117675781e+00 nan 1.123412719726562500e+03 2.970866394042968750e+02
1.386458778381347656e+01 8.411575317382812500e+00 nan 1.104586914062500000e+03 2.966605529785156250e+02
1.388228607177734375e+01 8.498217582702636719e+00 nan 1.085534301757812500e+03 2.964914245605468750e+02
1.405025672912597656e+01 8.443273544311523438e+00 nan 1.066087158203125000e+03 2.964438171386718750e+02
1.421794128417968750e+01 8.430755615234375000e+00 nan 1.040400634765625000e+03 2.963842773437500000e+02
nan nan nan nan nan
1.459276008605957031e+01 8.399738311767578125e+00 nan 1.013896179199218750e+03 2.964677124023437500e+02
1.468796157836914062e+01 8.464009284973144531e+00 nan 9.936842651367187500e+02 2.963755493164062500e+02
1.472118377685546875e+01 8.283511161804199219e+00 nan 9.734942626953125000e+02 2.961841735839843750e+02
1.481759548187255859e+01 8.068886756896972656e+00 nan 9.537090454101562500e+02 2.960956115722656250e+02
1.488811588287353516e+01 8.013520240783691406e+00 nan 9.407968750000000000e+02 2.960330810546875000e+02
1.500600051879882812e+01 7.937940597534179688e+00 nan 9.219438476562500000e+02 2.959627075195312500e+02
1.510887336730957031e+01 7.768198490142822266e+00 nan 9.036507568359375000e+02 2.958891296386718750e+02
1.523446941375732422e+01 7.480140686035156250e+00 nan 8.858594970703125000e+02 2.958322143554687500e+02
1.535221004486083984e+01 7.091178417205810547e+00 nan 8.626033935546875000e+02 2.957250366210937500e+02
1.542465591430664062e+01 6.663074970245361328e+00 nan 8.449246826171875000e+02 2.956255187988281250e+02
1.547923660278320312e+01 6.661836147308349609e+00 nan 8.264622802734375000e+02 2.955081787109375000e+02
1.552258777618408203e+01 6.490300655364990234e+00 nan 8.074874267578125000e+02 2.953463745117187500e+02
1.558420372009277344e+01 6.386514186859130859e+00 nan 7.886748046875000000e+02 2.952327880859375000e+02
1.568957424163818359e+01 6.402068614959716797e+00 nan 7.699215698242187500e+02 2.951583557128906250e+02
1.576598453521728516e+01 6.359293937683105469e+00 nan 7.579566650390625000e+02 2.951033630371093750e+02
1.588015556335449219e+01 6.458821296691894531e+00 nan 7.385103149414062500e+02 2.950291442871093750e+02
1.596061706542968750e+01 6.621790885925292969e+00 nan 7.192991333007812500e+02 2.948981628417968750e+02
1.607891654968261719e+01 6.972117424011230469e+00 nan 6.996898193359375000e+02 2.948103027343750000e+02
1.621469306945800781e+01 7.039897441864013672e+00 nan 6.799183349609375000e+02 2.947466430664062500e+02
1.633363723754882812e+01 7.017819404602050781e+00 nan 6.604687500000000000e+02 2.947108459472656250e+02
1.644906997680664062e+01 7.053453445434570312e+00 nan 6.413552856445312500e+02 2.946440429687500000e+02
1.648754501342773438e+01 7.137616634368896484e+00 nan 6.290875854492187500e+02 2.945694885253906250e+02
1.650879859924316406e+01 7.544501304626464844e+00 nan 6.113459472656250000e+02 2.944242553710937500e+02
1.665092849731445312e+01 8.192150115966796875e+00 nan 5.886411132812500000e+02 2.943519592285156250e+02
1.681329917907714844e+01 8.047851562500000000e+00 nan 5.722283325195312500e+02 2.943348083496093750e+02
1.689123916625976562e+01 8.103158950805664062e+00 nan 5.570407714843750000e+02 2.942477416992187500e+02
1.696257400512695312e+01 8.319103240966796875e+00 nan 5.389591064453125000e+02 2.941738891601562500e+02
1.714885711669921875e+01 8.531337738037109375e+00 nan 5.173202514648437500e+02 2.941791381835937500e+02
1.741134643554687500e+01 8.572627067565917969e+00 nan 4.869412536621093750e+02 2.941966247558593750e+02
1.755546379089355469e+01 8.697301864624023438e+00 nan 4.583848266601562500e+02 2.941718139648437500e+02
1.763426589965820312e+01 8.635015487670898438e+00 nan 4.351266174316406250e+02 2.940961303710937500e+02
1.762696647644042969e+01 8.775118827819824219e+00 nan 4.173942260742187500e+02 2.938738708496093750e+02
1.778817939758300781e+01 8.729125022888183594e+00 nan 3.998920593261718750e+02 2.938957519531250000e+02
1.804718971252441406e+01 8.764183044433593750e+00 nan 3.820173339843750000e+02 2.939564208984375000e+02
1.831263351440429688e+01 8.546158790588378906e+00 nan 3.633575439453125000e+02 2.940701599121093750e+02
1.853491210937500000e+01 8.715276718139648438e+00 nan 3.439029235839843750e+02 2.940754394531250000e+02
1.860482978820800781e+01 8.747379302978515625e+00 nan 3.305576477050781250e+02 2.940264282226562500e+02
1.855912399291992188e+01 8.684068679809570312e+00 nan 3.171840209960937500e+02 2.938577880859375000e+02
1.869392013549804688e+01 8.863040924072265625e+00 nan 2.973082580566406250e+02 2.937573852539062500e+02
1.884034538269042969e+01 8.889754295349121094e+00 nan 2.780403442382812500e+02 2.937356262207031250e+02
1.897903060913085938e+01 8.850957870483398438e+00 nan 2.655877685546875000e+02 2.937583923339843750e+02
1.896990585327148438e+01 9.007886886596679688e+00 nan 2.534205322265625000e+02 2.936106262207031250e+02
1.918106842041015625e+01 9.080693244934082031e+00 nan 2.305891876220703125e+02 2.935673828125000000e+02
1.924419021606445312e+01 9.184701919555664062e+00 nan 2.099810333251953125e+02 2.934473876953125000e+02
1.931118774414062500e+01 9.249176025390625000e+00 nan 1.952791748046875000e+02 2.933819580078125000e+02
1.932679557800292969e+01 9.288483619689941406e+00 nan 1.811392059326171875e+02 2.932415771484375000e+02
1.944201087951660156e+01 9.359427452087402344e+00 nan 1.630699157714843750e+02 2.931948852539062500e+02
1.957506179809570312e+01 9.410552024841308594e+00 nan 1.458065032958984375e+02 2.930766601562500000e+02
1.962715148925781250e+01 9.467630386352539062e+00 nan 1.331039123535156250e+02 2.930857543945312500e+02
1.986502075195312500e+01 9.522008895874023438e+00 nan 1.153125000000000000e+02 2.931041259765625000e+02
1.994633102416992188e+01 9.507370948791503906e+00 nan 9.672511291503906250e+01 2.930285034179687500e+02
2.001164054870605469e+01 9.398157119750976562e+00 nan 8.204022979736328125e+01 2.929570312500000000e+02
2.013532066345214844e+01 9.510127067565917969e+00 nan 6.560330200195312500e+01 2.928778686523437500e+02
1.902986907958984375e+01 1.065789318084716797e+01 nan 7.538640022277832031e+00 2.915866699218750000e+02
