nan nan nan nan nan
nan nan nan nan nan
nan nan nan nan nan
nan nan nan nan nan
nan nan nan nan nan
nan nan nan nan nan
nan nan nan nan nan
nan nan nan nan nan
nan nan nan nan nan
nan nan nan nan nan
nan nan nan nan nan
nan nan nan nan nan
nan nan nan nan nan
nan nan nan nan nan
nan nan nan nan nan
nan nan nan nan nan
nan nan nan nan nan
nan nan nan nan nan
nan nan nan nan nan
nan nan nan nan nan
nan nan nan nan nan
nan nan nan nan nan
nan nan nan nan nan
nan nan nan nan nan
nan nan nan nan nan
nan nan nan nan nan
nan nan nan nan nan
nan nan nan nan nan
nan nan nan nan nan
nan nan nan nan nan
nan nan nan nan nan
nan nan nan nan nan
nan nan nan nan nan
-2.098674774169921875e+01 4.846911728382110596e-01 nan 5.942332519531250000e+03 3.133895263671875000e+02
-2.084208106994628906e+01 4.843944311141967773e-01 nan 5.915192871093750000e+03 3.132955017089843750e+02
-2.070021438598632812e+01 4.885138571262359619e-01 nan 5.881021972656250000e+03 3.130565795898437500e+02
-2.051521682739257812e+01 4.932523965835571289e-01 nan 5.849118164062500000e+03 3.129156494140625000e+02
-2.030080223083496094e+01 4.838786721229553223e-01 nan 5.817916015625000000e+03 3.128101501464843750e+02
-2.016877746582031250e+01 4.639191627502441406e-01 nan 5.786839843750000000e+03 3.126046142578125000e+02
-2.009129905700683594e+01 4.600481092929840088e-01 nan 5.755245605468750000e+03 3.123166198730468750e+02
-1.986434936523437500e+01 4.476490020751953125e-01 nan 5.723761718750000000e+03 3.122300415039062500e+02
-1.959130477905273438e+01 4.461832642555236816e-01 nan 5.692570312500000000e+03 3.121969299316406250e+02
-1.933696556091308594e+01 4.234223067760467529e-01 nan 5.661436523437500000e+03 3.121358642578125000e+02
-1.913867950439453125e+01 4.285954236984252930e-01 nan 5.630235351562500000e+03 3.120120849609375000e+02
-1.893029785156250000e+01 4.302227497100830078e-01 nan 5.599459960937500000e+03 3.118989257812500000e+02
-1.887940597534179688e+01 4.256728291511535645e-01 nan 5.568521972656250000e+03 3.115926513671875000e+02
-1.885347366333007812e+01 4.571278691291809082e-01 nan 5.536888671875000000e+03 3.112563476562500000e+02
-1.876956939697265625e+01 4.874480962753295898e-01 nan 5.505255371093750000e+03 3.109832153320312500e+02
-1.866985893249511719e+01 5.247906446456909180e-01 nan 5.473839355468750000e+03 3.107416992187500000e+02
-1.850732803344726562e+01 5.594399571418762207e-01 nan 5.442744628906250000e+03 3.105805664062500000e+02
-1.830879020690917969e+01 5.905897617340087891e-01 nan 5.411212890625000000e+03 3.104542846679687500e+02
-1.808209991455078125e+01 5.606480240821838379e-01 nan 5.383521484375000000e+03 3.104086914062500000e+02
-1.785196304321289062e+01 5.821586847305297852e-01 nan 5.355892578125000000e+03 3.103692016601562500e+02
-1.759238815307617188e+01 6.003758907318115234e-01 nan 5.324315429687500000e+03 3.103137207031250000e+02
-1.735731124877929688e+01 5.790721178054809570e-01 nan 5.292910156250000000e+03 3.102270507812500000e+02
-1.710452461242675781e+01 5.698592662811279297e-01 nan 5.261202148437500000e+03 3.101716308593750000e+02
-1.690810203552246094e+01 5.594161152839660645e-01 nan 5.233309082031250000e+03 3.100837097167968750e+02
-1.667416381835937500e+01 5.497941970825195312e-01 nan 5.205831542968750000e+03 3.100500183105468750e+02
-1.642076873779296875e+01 5.573598742485046387e-01 nan 5.174803222656250000e+03 3.099951171875000000e+02
-1.631264305114746094e+01 5.540672540664672852e-01 nan 5.144262695312500000e+03 3.097673645019531250e+02
-1.610298156738281250e+01 5.660842657089233398e-01 nan 5.116818359375000000e+03 3.096965637207031250e+02
-1.593830776214599609e+01 5.720318555831909180e-01 nan 5.088686523437500000e+03 3.095158691406250000e+02
-1.582623195648193359e+01 6.217620968818664551e-01 nan 5.057281250000000000e+03 3.093070068359375000e+02
-1.563205051422119141e+01 6.498040556907653809e-01 nan 5.022445800781250000e+03 3.092031250000000000e+02
-1.550794029235839844e+01 7.243254184722900391e-01 nan 4.991086425781250000e+03 3.090628356933593750e+02
-1.532711315155029297e+01 8.020478487014770508e-01 nan 4.963004882812500000e+03 3.089584350585937500e+02
-1.516563034057617188e+01 8.024198412895202637e-01 nan 4.927275878906250000e+03 3.088125000000000000e+02
-1.508491420745849609e+01 8.191415667533874512e-01 nan 4.896600585937500000e+03 3.085525512695312500e+02
-1.499405384063720703e+01 8.604834079742431641e-01 nan 4.869718750000000000e+03 3.083175354003906250e+02
-1.491115570068359375e+01 8.944962024688720703e-01 nan 4.843005859375000000e+03 3.080790405273437500e+02
-1.473525714874267578e+01 8.695019483566284180e-01 nan 4.820014160156250000e+03 3.079956970214843750e+02
-1.468691062927246094e+01 9.245275855064392090e-01 nan 4.796127441406250000e+03 3.077494201660156250e+02
-1.450671291351318359e+01 9.090037345886230469e-01 nan 4.768762695312500000e+03 3.076216430664062500e+02
-1.433163833618164062e+01 8.688136935234069824e-01 nan 4.741947753906250000e+03 3.075148010253906250e+02
-1.422326087951660156e+01 8.625598549842834473e-01 nan 4.715153808593750000e+03 3.073348999023437500e+02
-1.415085124969482422e+01 8.518896102905273438e-01 nan 4.684239746093750000e+03 3.070585937500000000e+02
-1.401969051361083984e+01 8.487802743911743164e-01 nan 4.657283203125000000e+03 3.069117736816406250e+02
-1.385779953002929688e+01 8.175625801086425781e-01 nan 4.630223632812500000e+03 3.067948303222656250e+02
-1.365892410278320312e+01 7.938173413276672363e-01 nan 4.602727050781250000e+03 3.067175292968750000e+02
-1.346580696105957031e+01 7.039501667022705078e-01 nan 4.574555175781250000e+03 3.066278076171875000e+02
-1.329105758666992188e+01 6.627405881881713867e-01 nan 4.546666992187500000e+03 3.065168151855468750e+02
-1.321341896057128906e+01 5.013519525527954102e-01 nan 4.520162109375000000e+03 3.063165893554687500e+02
-1.319491004943847656e+01 4.394726455211639404e-01 nan 4.493749511718750000e+03 3.060189819335937500e+02
-1.298689842224121094e+01 4.178286194801330566e-01 nan 4.466939941406250000e+03 3.059584655761718750e+02
-1.279697608947753906e+01 4.138822853565216064e-01 nan 4.440044433593750000e+03 3.058806457519531250e+02
-1.257670021057128906e+01 4.062059521675109863e-01 nan 4.412636230468750000e+03 3.058303833007812500e+02
-1.241652965545654297e+01 4.001430273056030273e-01 nan 4.384528808593750000e+03 3.056984252929687500e+02
-1.227918243408203125e+01 4.055399000644683838e-01 nan 4.356768554687500000e+03 3.055546875000000000e+02
-1.207176208496093750e+01 4.097087681293487549e-01 nan 4.329844726562500000e+03 3.055011596679687500e+02
-1.184448814392089844e+01 4.090745747089385986e-01 nan 4.303361328125000000e+03 3.054710693359375000e+02
-1.161833000183105469e+01 4.111326634883880615e-01 nan 4.275764160156250000e+03 3.054255065917968750e+02
-1.142283630371093750e+01 4.038704633712768555e-01 nan 4.248074218750000000e+03 3.053520507812500000e+02
-1.127489471435546875e+01 3.807603120803833008e-01 nan 4.220309570312500000e+03 3.052113647460937500e+02
-1.114265346527099609e+01 3.632655143737792969e-01 nan 4.196428222656250000e+03 3.051014099121093750e+02
-1.109201908111572266e+01 3.170256316661834717e-01 nan 4.168823242187500000e+03 3.048366088867187500e+02
-1.097082805633544922e+01 2.964586615562438965e-01 nan 4.141931640625000000e+03 3.047287292480468750e+02
-1.092993927001953125e+01 2.739729881286621094e-01 nan 4.115200195312500000e+03 3.044337768554687500e+02
-1.088481235504150391e+01 2.610780894756317139e-01 nan 4.087848876953125000e+03 3.041819152832031250e+02
-1.080762767791748047e+01 2.363198846578598022e-01 nan 4.063868408203125000e+03 3.040002746582031250e+02
-1.062695026397705078e+01 2.234542816877365112e-01 nan 4.040148925781250000e+03 3.039453125000000000e+02
-1.048871707916259766e+01 2.010823190212249756e-01 nan 4.012461914062500000e+03 3.038021240234375000e+02
-1.030397224426269531e+01 1.809710413217544556e-01 nan 3.984372070312500000e+03 3.036980285644531250e+02
-1.019507980346679688e+01 1.773998588323593140e-01 nan 3.957500000000000000e+03 3.035225830078125000e+02
-1.009263420104980469e+01 1.722129285335540771e-01 nan 3.932224609375000000e+03 3.033580932617187500e+02
-9.998291969299316406e+00 1.623694002628326416e-01 nan 3.907482421875000000e+03 3.032059936523437500e+02
-1.002067565917968750e+01 1.816624104976654053e-01 nan 3.882002441406250000e+03 3.028728332519531250e+02
-9.960439682006835938e+00 1.983607411384582520e-01 nan 3.857126464843750000e+03 3.026832885742187500e+02
-9.885362625122070312e+00 2.157142907381057739e-01 nan 3.833167968750000000e+03 3.025028991699218750e+02
-9.842183113098144531e+00 2.505888044834136963e-01 nan 3.808974609375000000e+03 3.022848510742187500e+02
-9.770208358764648438e+00 2.929598689079284668e-01 nan 3.784193847656250000e+03 3.020901794433593750e+02
-9.704558372497558594e+00 3.131516277790069580e-01 nan 3.758962646484375000e+03 3.018843994140625000e+02
-9.631286621093750000e+00 3.034262061119079590e-01 nan 3.733912109375000000e+03 3.016918945312500000e+02
-9.508841514587402344e+00 2.967170774936676025e-01 nan 3.706973876953125000e+03 3.015375366210937500e+02
-9.333774566650390625e+00 3.020401597023010254e-01 nan 3.679939453125000000e+03 3.014328002929687500e+02
-9.284979820251464844e+00 3.092004656791687012e-01 nan 3.657375244140625000e+03 3.012362060546875000e+02
-9.305990219116210938e+00 3.434283137321472168e-01 nan 3.635334960937500000e+03 3.009649658203125000e+02
-9.146110534667968750e+00 3.622460663318634033e-01 nan 3.608830810546875000e+03 3.008613586425781250e+02
-9.171756744384765625e+00 3.899904191493988037e-01 nan 3.581062500000000000e+03 3.005286254882812500e+02
-9.246198654174804688e+00 3.949202597141265869e-01 nan 3.555370117187500000e+03 3.001718139648437500e+02
-9.314297676086425781e+00 4.118289649486541748e-01 nan 3.533059082031250000e+03 2.998504638671875000e+02
-9.520743370056152344e+00 4.848071038722991943e-01 nan 3.508757812500000000e+03 2.993414611816406250e+02
-9.764095306396484375e+00 6.094865798950195312e-01 nan 3.481245117187500000e+03 2.987843627929687500e+02
-9.719501495361328125e+00 6.236470937728881836e-01 nan 3.456552490234375000e+03 2.985637512207031250e+02
-9.675487518310546875e+00 6.110624074935913086e-01 nan 3.432430908203125000e+03 2.983533935546875000e+02
-9.602566719055175781e+00 5.412000417709350586e-01 nan 3.408686035156250000e+03 2.981798706054687500e+02
-9.535360336303710938e+00 4.918705821037292480e-01 nan 3.384837402343750000e+03 2.980012817382812500e+02
-9.573992729187011719e+00 4.563224017620086670e-01 nan 3.360742187500000000e+03 2.976926269531250000e+02
-9.651782989501953125e+00 2.976524233818054199e-01 nan 3.335984375000000000e+03 2.973307800292968750e+02
-9.621832847595214844e+00 2.434688359498977661e-01 nan 3.311080810546875000e+03 2.971069335937500000e+02
-9.638633728027343750e+00 1.884368062019348145e-01 nan 3.287629882812500000e+03 2.968248291015625000e+02
-9.579712867736816406e+00 1.798906624317169189e-01 nan 3.263492919921875000e+03 2.966323547363281250e+02
-9.509069442749023438e+00 1.835752576589584351e-01 nan 3.239236328125000000e+03 2.964633789062500000e+02
-9.517364501953125000e+00 1.987928897142410278e-01 nan 3.217363281250000000e+03 2.962172546386718750e+02
-9.464668273925781250e+00 2.521029710769653320e-01 nan 3.196476562500000000e+03 2.960615844726562500e+02
-9.401580810546875000e+00 2.917312979698181152e-01 nan 3.171714355468750000e+03 2.958566894531250000e+02
-9.314800262451171875e+00 3.680343627929687500e-01 nan 3.146205078125000000e+03 2.956832885742187500e+02
-9.174216270446777344e+00 5.239738225936889648e-01 nan 3.121141845703125000e+03 2.955674438476562500e+02
-9.053859710693359375e+00 6.013376712799072266e-01 nan 3.097678710937500000e+03 2.954484863281250000e+02
-8.909025192260742188e+00 5.976387858390808105e-01 nan 3.077121337890625000e+03 2.953923339843750000e+02
-8.760351181030273438e+00 5.783494710922241211e-01 nan 3.056071777343750000e+03 2.953302001953125000e+02
-8.629364013671875000e+00 5.439040660858154297e-01 nan 3.031819335937500000e+03 2.952135009765625000e+02
-8.640101432800292969e+00 2.659485340118408203e-01 nan 3.007434326171875000e+03 2.949382934570312500e+02
-8.658114433288574219e+00 1.272479742765426636e-01 nan 2.985778076171875000e+03 2.946882019042968750e+02
-8.586614608764648438e+00 1.231017112731933594e-01 nan 2.964283203125000000e+03 2.945358276367187500e+02
-8.569375991821289062e+00 1.092612892389297485e-01 nan 2.939617675781250000e+03 2.942931518554687500e+02
-8.481796264648437500e+00 8.665084838867187500e-02 nan 2.914707031250000000e+03 2.941241760253906250e+02
-8.325700759887695312e+00 7.684758305549621582e-02 nan 2.892633544921875000e+03 2.940651855468750000e+02
-8.255092620849609375e+00 7.384997606277465820e-02 nan 2.870487792968750000e+03 2.939035644531250000e+02
-8.251319885253906250e+00 7.413608580827713013e-02 nan 2.847234863281250000e+03 2.936599426269531250e+02
-8.241044044494628906e+00 8.036734908819198608e-02 nan 2.825723632812500000e+03 2.934473266601562500e+02
-8.282661437988281250e+00 7.986277341842651367e-02 nan 2.803855957031250000e+03 2.931512756347656250e+02
-8.279058456420898438e+00 8.213083446025848389e-02 nan 2.781105468750000000e+03 2.929178771972656250e+02
-8.173249244689941406e+00 8.517520874738693237e-02 nan 2.757516357421875000e+03 2.927839355468750000e+02
-8.188118934631347656e+00 8.946581184864044189e-02 nan 2.737865722656250000e+03 2.925496215820312500e+02
-8.136685371398925781e+00 7.989126443862915039e-02 nan 2.716090087890625000e+03 2.923814392089843750e+02
-7.962471485137939453e+00 8.312270045280456543e-02 nan 2.693110839843750000e+03 2.923252563476562500e+02
-7.762774944305419922e+00 8.252000808715820312e-02 nan 2.672481933593750000e+03 2.923213500976562500e+02
-7.628328323364257812e+00 7.812435179948806763e-02 nan 2.649836425781250000e+03 2.922361145019531250e+02
-7.590888023376464844e+00 8.693255484104156494e-02 nan 2.627123046875000000e+03 2.920394287109375000e+02
-7.702365875244140625e+00 9.408278018236160278e-02 nan 2.606813720703125000e+03 2.916890869140625000e+02
-7.543722629547119141e+00 9.431163966655731201e-02 nan 2.584313476562500000e+03 2.916234436035156250e+02
-7.485880851745605469e+00 9.454931318759918213e-02 nan 2.562280273437500000e+03 2.914660949707031250e+02
-7.514065265655517578e+00 9.597002714872360229e-02 nan 2.539725830078125000e+03 2.911961975097656250e+02
-7.504954338073730469e+00 1.108285412192344666e-01 nan 2.518463623046875000e+03 2.909844665527343750e+02
-7.428536415100097656e+00 1.133038848638534546e-01 nan 2.497674804687500000e+03 2.908435363769531250e+02
-7.474604606628417969e+00 1.245098859071731567e-01 nan 2.476375000000000000e+03 2.905713806152343750e+02
-7.605926513671875000e+00 1.411245465278625488e-01 nan 2.456065185546875000e+03 2.902141723632812500e+02
-7.356628417968750000e+00 1.425823867321014404e-01 nan 2.433036132812500000e+03 2.902259216308593750e+02
-7.319124698638916016e+00 1.445533633232116699e-01 nan 2.410850341796875000e+03 2.900419311523437500e+02
-7.310669898986816406e+00 1.528391093015670776e-01 nan 2.391282226562500000e+03 2.898452148437500000e+02
-7.224043846130371094e+00 1.576548367738723755e-01 nan 2.370931640625000000e+03 2.897239990234375000e+02
-7.105653762817382812e+00 1.604413390159606934e-01 nan 2.350158935546875000e+03 2.896322937011718750e+02
-7.002723217010498047e+00 1.617727875709533691e-01 nan 2.327347167968750000e+03 2.895056762695312500e+02
-6.955903053283691406e+00 1.612228304147720337e-01 nan 2.306059570312500000e+03 2.893310546875000000e+02
-6.848645210266113281e+00 1.609574556350708008e-01 nan 2.285963867187500000e+03 2.892333984375000000e+02
-6.862777709960937500e+00 1.659616380929946899e-01 nan 2.265097656250000000e+03 2.889948120117187500e+02
-6.891726016998291016e+00 1.726018488407135010e-01 nan 2.244520263671875000e+03 2.887478637695312500e+02
-6.885631084442138672e+00 1.540286242961883545e-01 nan 2.223764160156250000e+03 2.885457458496093750e+02
-6.974212169647216797e+00 1.463319212198257446e-01 nan 2.203175781250000000e+03 2.882276000976562500e+02
-7.054820537567138672e+00 1.394600719213485718e-01 nan 2.181282958984375000e+03 2.878930358886718750e+02
-6.911721229553222656e+00 1.355326771736145020e-01 nan 2.159938476562500000e+03 2.878571777343750000e+02
-6.869370937347412109e+00 1.314783096313476562e-01 nan 2.139367187500000000e+03 2.876846313476562500e+02
-6.973711013793945312e+00 1.281500309705734253e-01 nan 2.116811767578125000e+03 2.872790222167968750e+02
-6.959277629852294922e+00 1.269517242908477783e-01 nan 2.096006591796875000e+03 2.871389160156250000e+02
-7.212385654449462891e+00 1.317149251699447632e-01 nan 2.075428222656250000e+03 2.866619873046875000e+02
-7.234084129333496094e+00 1.415714323520660400e-01 nan 2.054135009765625000e+03 2.864480895996093750e+02
-7.258714675903320312e+00 1.447779983282089233e-01 nan 2.034021240234375000e+03 2.861763305664062500e+02
-7.431390285491943359e+00 1.615372896194458008e-01 nan 2.015070312500000000e+03 2.858037414550781250e+02
-7.742737293243408203e+00 1.650607436895370483e-01 nan 1.995082763671875000e+03 2.852570190429687500e+02
-8.507196426391601562e+00 1.706141978502273560e-01 nan 1.974391357421875000e+03 2.842163696289062500e+02
-1.135529994964599609e+01 1.357993245124816895e+00 nan 1.952123535156250000e+03 2.809397888183593750e+02
-1.168009757995605469e+01 1.700407385826110840e+00 3.771128356456756592e-01 1.933586547851562500e+03 2.803625183105468750e+02
-1.173569297790527344e+01 1.947654008865356445e+00 2.813418507575988770e-01 1.914172851562500000e+03 2.800810546875000000e+02
-1.164155864715576172e+01 2.010675430297851562e+00 1.777423471212387085e-01 1.894101806640625000e+03 2.800385742187500000e+02
-1.128583335876464844e+01 1.915769100189208984e+00 2.626182734966278076e-01 1.875176025390625000e+03 2.802383728027343750e+02
-1.118953514099121094e+01 1.956524968147277832e+00 2.706760764122009277e-01 1.851982055664062500e+03 2.801062927246093750e+02
-1.097807407379150391e+01 2.075382947921752930e+00 3.761626482009887695e-01 1.835917480468750000e+03 2.801565246582031250e+02
-1.086642074584960938e+01 1.950036644935607910e+00 3.442466557025909424e-01 1.816891113281250000e+03 2.800646972656250000e+02
-1.070159244537353516e+01 2.037997722625732422e+00 3.643399477005004883e-01 1.796237182617187500e+03 2.800264587402343750e+02
-1.065376377105712891e+01 2.111495971679687500e+00 3.496047258377075195e-01 1.777696533203125000e+03 2.798904113769531250e+02
-1.056205558776855469e+01 2.121511459350585938e+00 nan 1.756283203125000000e+03 2.797962646484375000e+02
-1.020974731445312500e+01 2.158593654632568359e+00 4.661444425582885742e-01 1.735823486328125000e+03 2.799472961425781250e+02
-1.008202743530273438e+01 2.154384136199951172e+00 4.383727312088012695e-01 1.717204345703125000e+03 2.798684692382812500e+02
-9.923103332519531250e+00 2.245841026306152344e+00 2.202416211366653442e-01 1.697435791015625000e+03 2.798620300292968750e+02
-9.686056137084960938e+00 2.348145484924316406e+00 3.207026124000549316e-01 1.679401123046875000e+03 2.799020385742187500e+02
-9.622136116027832031e+00 2.305128097534179688e+00 2.040008008480072021e-01 1.662290893554687500e+03 2.798181152343750000e+02
-9.260003089904785156e+00 2.244807243347167969e+00 4.861685931682586670e-01 1.641479980468750000e+03 2.800050048828125000e+02
-8.867155075073242188e+00 2.317909002304077148e+00 5.012993812561035156e-01 1.624213745117187500e+03 2.801467285156250000e+02
-9.026850700378417969e+00 2.383950948715209961e+00 2.579281330108642578e-01 1.603138305664062500e+03 2.797766723632812500e+02
-9.070783615112304688e+00 2.345777988433837891e+00 1.888963878154754639e-01 1.591415771484375000e+03 2.795515136718750000e+02
-8.960395812988281250e+00 2.334678649902343750e+00 1.903836429119110107e-01 1.568417236328125000e+03 2.794787292480468750e+02
-8.912611961364746094e+00 2.323167562484741211e+00 8.428160101175308228e-02 1.550070068359375000e+03 2.793244323730468750e+02
-8.509943962097167969e+00 2.350103378295898438e+00 1.951726377010345459e-01 1.532994140625000000e+03 2.795784912109375000e+02
-8.395946502685546875e+00 2.374205589294433594e+00 2.188940495252609253e-01 1.515615478515625000e+03 2.795641174316406250e+02
-8.423514366149902344e+00 2.447794914245605469e+00 1.185920163989067078e-01 1.494932861328125000e+03 2.792527770996093750e+02
-8.603542327880859375e+00 2.330940723419189453e+00 nan 1.476409057617187500e+03 2.789217529296875000e+02
-8.041173934936523438e+00 2.475281953811645508e+00 5.636227130889892578e-02 1.454217407226562500e+03 2.792620849609375000e+02
-7.861721515655517578e+00 2.447344779968261719e+00 1.036112084984779358e-01 1.436805053710937500e+03 2.792992248535156250e+02
-7.902172088623046875e+00 2.408048391342163086e+00 nan 1.419086303710937500e+03 2.790476074218750000e+02
-7.884659767150878906e+00 2.415894746780395508e+00 8.747346699237823486e-02 1.398152709960937500e+03 2.789641723632812500e+02
-7.420982360839843750e+00 2.495946884155273438e+00 6.392014026641845703e-02 1.378973144531250000e+03 2.791447753906250000e+02
-7.387433052062988281e+00 2.469565868377685547e+00 2.354381233453750610e-02 1.361901489257812500e+03 2.790424804687500000e+02
-7.129261970520019531e+00 2.428017616271972656e+00 3.687470778822898865e-02 1.343697143554687500e+03 2.791359252929687500e+02
-6.942329406738281250e+00 2.700729608535766602e+00 1.770402789115905762e-01 1.323226806640625000e+03 2.790583190917968750e+02
-6.983276844024658203e+00 2.466787099838256836e+00 nan 1.306820068359375000e+03 2.788894653320312500e+02
-6.666284084320068359e+00 2.180159568786621094e+00 nan 1.289363037109375000e+03 2.790387573242187500e+02
-6.585013389587402344e+00 2.348234176635742188e+00 1.142162010073661804e-01 1.271271240234375000e+03 2.789604187011718750e+02
-6.303218841552734375e+00 2.306770801544189453e+00 nan 1.252913330078125000e+03 2.790469665527343750e+02
-6.250016689300537109e+00 2.499815940856933594e+00 nan 1.236207519531250000e+03 2.789809265136718750e+02
-5.975709438323974609e+00 2.520606756210327148e+00 1.382072716951370239e-01 1.218330688476562500e+03 2.790762023925781250e+02
-5.885206222534179688e+00 2.378954172134399414e+00 nan 1.199568969726562500e+03 2.789862670898437500e+02
-5.897500514984130859e+00 2.723154306411743164e+00 nan 1.180500488281250000e+03 2.787502441406250000e+02
-5.553185939788818359e+00 2.424607276916503906e+00 nan 1.161103637695312500e+03 2.789002075195312500e+02
-5.248824596405029297e+00 2.252281665802001953e+00 nan 1.142255615234375000e+03 2.790413818359375000e+02
-5.167179584503173828e+00 2.295083522796630859e+00 nan 1.123415405273437500e+03 2.789213256835937500e+02
-5.124711513519287109e+00 2.390486478805541992e+00 nan 1.107503295898437500e+03 2.787997131347656250e+02
-4.835956573486328125e+00 2.386475801467895508e+00 nan 1.089465332031250000e+03 2.789248046875000000e+02
-4.777255535125732422e+00 2.465214252471923828e+00 nan 1.068343872070312500e+03 2.787768249511718750e+02
-4.857704639434814453e+00 2.842901706695556641e+00 nan 1.052401611328125000e+03 2.785617065429687500e+02
-4.607594966888427734e+00 2.856277942657470703e+00 nan 1.035738525390625000e+03 2.786263427734375000e+02
-4.367361068725585938e+00 2.802379608154296875e+00 nan 1.016509521484375000e+03 2.786786499023437500e+02
-4.127628326416015625e+00 2.506337165832519531e+00 nan 9.993041992187500000e+02 2.787560424804687500e+02
-3.999217987060546875e+00 2.489707946777343750e+00 nan 9.803295898437500000e+02 2.787152099609375000e+02
-3.934104919433593750e+00 2.680466175079345703e+00 nan 9.606134033203125000e+02 2.786116333007812500e+02
-3.747328519821166992e+00 2.939674854278564453e+00 nan 9.447684936523437500e+02 2.786066589355468750e+02
-3.594587802886962891e+00 2.759101867675781250e+00 nan 9.292598876953125000e+02 2.786170654296875000e+02
-3.481174707412719727e+00 2.870823621749877930e+00 nan 9.085162963867187500e+02 2.785708923339843750e+02
-3.082068920135498047e+00 2.590943813323974609e+00 nan 8.914677734375000000e+02 2.787867431640625000e+02
-3.090064287185668945e+00 2.749419450759887695e+00 nan 8.728778686523437500e+02 2.785303039550781250e+02
-3.024850606918334961e+00 2.898955821990966797e+00 nan 8.583266601562500000e+02 2.785546875000000000e+02
-2.777180910110473633e+00 2.851343631744384766e+00 nan 8.410999755859375000e+02 2.785726013183593750e+02
-2.564720392227172852e+00 2.885209321975708008e+00 nan 8.232278442382812500e+02 2.785745239257812500e+02
-2.507395267486572266e+00 2.823961973190307617e+00 nan 8.047672119140625000e+02 2.785032958984375000e+02
-2.304161548614501953e+00 2.798294782638549805e+00 nan 7.844292602539062500e+02 2.785020751953125000e+02
-2.089191675186157227e+00 2.856503963470458984e+00 nan 7.674176025390625000e+02 2.785280456542968750e+02
-2.042249917984008789e+00 2.842205762863159180e+00 nan 7.511058349609375000e+02 2.784783935546875000e+02
-1.793601274490356445e+00 2.965047359466552734e+00 nan 7.332784423828125000e+02 2.785248718261718750e+02
-1.498640298843383789e+00 2.904226303100585938e+00 nan 7.161433715820312500e+02 2.785957031250000000e+02
-1.521756887435913086e+00 2.888965845108032227e+00 nan 6.979236450195312500e+02 2.784720764160156250e+02
-1.343568325042724609e+00 2.771886348724365234e+00 nan 6.784838867187500000e+02 2.784254760742187500e+02
-1.151476383209228516e+00 2.844769477844238281e+00 nan 6.612673950195312500e+02 2.784519653320312500e+02
-1.016124248504638672e+00 2.812541007995605469e+00 nan 6.465245971679687500e+02 2.784350585937500000e+02
-8.628782629966735840e-01 2.795103788375854492e+00 nan 6.296895751953125000e+02 2.784495239257812500e+02
-6.789097189903259277e-01 2.773343086242675781e+00 nan 6.098626098632812500e+02 2.785024108886718750e+02
-3.309763371944427490e-01 2.917813062667846680e+00 nan 5.931329345703125000e+02 2.785889892578125000e+02
-3.078085780143737793e-01 2.899516820907592773e+00 nan 5.771843261718750000e+02 2.785142822265625000e+02
-1.718336045742034912e-01 2.797573566436767578e+00 nan 5.588542480468750000e+02 2.784203491210937500e+02
6.888573616743087769e-02 2.757008314132690430e+00 nan 5.413083496093750000e+02 2.784995117187500000e+02
2.364580631256103516e-01 2.737543821334838867e+00 nan 5.198282470703125000e+02 2.784798889160156250e+02
3.551891446113586426e-01 2.878637313842773438e+00 nan 5.038195190429687500e+02 2.784756469726562500e+02
6.116246581077575684e-01 2.985269308090209961e+00 nan 4.893571472167968750e+02 2.785096435546875000e+02
5.973028540611267090e-01 2.848970174789428711e+00 nan 4.770034179687500000e+02 2.784145202636718750e+02
8.457759618759155273e-01 2.854799509048461914e+00 nan 4.561070556640625000e+02 2.784344787597656250e+02
1.115707397460937500e+00 3.141260623931884766e+00 nan 4.348409729003906250e+02 2.785697937011718750e+02
1.282322764396667480e+00 2.994119405746459961e+00 nan 4.212731933593750000e+02 2.785655822753906250e+02
1.279359102249145508e+00 2.886200904846191406e+00 nan 4.039425659179687500e+02 2.784140014648437500e+02
1.459788322448730469e+00 3.011138439178466797e+00 nan 3.854550781250000000e+02 2.784170532226562500e+02
1.613564133644104004e+00 2.925523757934570312e+00 nan 3.684509277343750000e+02 2.783627929687500000e+02
1.716343879699707031e+00 2.879507303237915039e+00 nan 3.541193237304687500e+02 2.783823242187500000e+02
1.945836544036865234e+00 2.784967899322509766e+00 nan 3.322655029296875000e+02 2.783819274902343750e+02
2.266600608825683594e+00 2.879946470260620117e+00 nan 3.199822387695312500e+02 2.785814514160156250e+02
2.306127071380615234e+00 2.967341423034667969e+00 nan 3.027489013671875000e+02 2.784573974609375000e+02
2.360252141952514648e+00 2.943711757659912109e+00 nan 2.826033020019531250e+02 2.783554992675781250e+02
2.661084413528442383e+00 3.124326944351196289e+00 nan 2.638353881835937500e+02 2.784328613281250000e+02
2.669228315353393555e+00 2.982144355773925781e+00 nan 2.509884490966796875e+02 2.782899475097656250e+02
2.808331489562988281e+00 2.864936828613281250e+00 nan 2.349907836914062500e+02 2.782981567382812500e+02
2.908433914184570312e+00 2.852533578872680664e+00 nan 2.175516815185546875e+02 2.782517395019531250e+02
3.107272624969482422e+00 2.871498346328735352e+00 nan 2.028124694824218750e+02 2.782679748535156250e+02
3.265174388885498047e+00 2.873587846755981445e+00 nan 1.838085784912109375e+02 2.782608642578125000e+02
3.217529535293579102e+00 3.271125316619873047e+00 nan 1.760059356689453125e+02 2.780971679687500000e+02
nan nan nan nan nan
nan nan nan nan nan
nan nan nan nan nan
nan nan nan nan nan
nan nan nan nan nan
nan nan nan nan nan
nan nan nan nan nan
nan nan nan nan nan
nan nan nan nan nan
nan nan nan nan nan
nan nan nan nan nan
nan nan nan nan nan
nan nan nan nan nan
nan nan nan nan nan
