nan nan nan nan nan
nan nan nan nan nan
nan nan nan nan nan
nan nan nan nan nan
nan nan nan nan nan
nan nan nan nan nan
nan nan nan nan nan
nan nan nan nan nan
nan nan nan nan nan
nan nan nan nan nan
nan nan nan nan nan
nan nan nan nan nan
nan nan nan nan nan
nan nan nan nan nan
nan nan nan nan nan
nan nan nan nan nan
nan nan nan nan nan
nan nan nan nan nan
nan nan nan nan nan
nan nan nan nan nan
nan nan nan nan nan
nan nan nan nan nan
nan nan nan nan nan
nan nan nan nan nan
nan nan nan nan nan
nan nan nan nan nan
nan nan nan nan nan
nan nan nan nan nan
nan nan nan nan nan
nan nan nan nan nan
nan nan nan nan nan
nan nan nan nan nan
nan nan nan nan nan
-1.805852127075195312e+01 1.699351370334625244e-01 nan 6.238606445312500000e+03 3.171628417968750000e+02
-1.794103240966796875e+01 1.885039210319519043e-01 nan 6.193141113281250000e+03 3.168621520996093750e+02
-1.772363471984863281e+01 1.742848157882690430e-01 nan 6.158107910156250000e+03 3.167035522460937500e+02
-1.759285545349121094e+01 1.352191567420959473e-01 nan 6.130490722656250000e+03 3.165188903808593750e+02
-1.736952781677246094e+01 1.174469068646430969e-01 nan 6.102313964843750000e+03 3.164526672363281250e+02
-1.708492851257324219e+01 1.252005547285079956e-01 nan 6.068785156250000000e+03 3.163855590820312500e+02
-1.680620193481445312e+01 1.260956227779388428e-01 nan 6.036712890625000000e+03 3.163421936035156250e+02
-1.663887977600097656e+01 1.124373078346252441e-01 nan 6.004052734375000000e+03 3.161616821289062500e+02
-1.637344932556152344e+01 1.025047749280929565e-01 nan 5.970955566406250000e+03 3.160783691406250000e+02
-1.608774375915527344e+01 8.062701672315597534e-02 nan 5.942701171875000000e+03 3.160835876464843750e+02
-1.586266708374023438e+01 7.853792607784271240e-02 nan 5.911296386718750000e+03 3.159753417968750000e+02
-1.567503738403320312e+01 8.578343689441680908e-02 nan 5.879992187500000000e+03 3.158560180664062500e+02
-1.577234268188476562e+01 1.336089223623275757e-01 nan 5.852294921875000000e+03 3.153806762695312500e+02
-1.569040966033935547e+01 1.386574059724807739e-01 nan 5.824285644531250000e+03 3.151720581054687500e+02
-1.577819728851318359e+01 1.447528600692749023e-01 nan 5.793497558593750000e+03 3.146499633789062500e+02
-1.566983127593994141e+01 1.457810252904891968e-01 nan 5.764145996093750000e+03 3.144534301757812500e+02
-1.544864368438720703e+01 1.323961913585662842e-01 nan 5.733627929687500000e+03 3.143580322265625000e+02
-1.518400192260742188e+01 1.270536184310913086e-01 nan 5.703559570312500000e+03 3.143344116210937500e+02
-1.485351467132568359e+01 1.272681653499603271e-01 nan 5.672242187500000000e+03 3.143495178222656250e+02
-1.453792762756347656e+01 1.358878314495086670e-01 nan 5.639508789062500000e+03 3.143382568359375000e+02
-1.444070243835449219e+01 1.638914048671722412e-01 nan 5.610865234375000000e+03 3.141230468750000000e+02
-1.432894897460937500e+01 1.799379885196685791e-01 nan 5.582795898437500000e+03 3.139130859375000000e+02
-1.409459400177001953e+01 1.764115989208221436e-01 nan 5.551671875000000000e+03 3.138242797851562500e+02
-1.388168525695800781e+01 1.521898806095123291e-01 nan 5.524196777343750000e+03 3.137528991699218750e+02
-1.374383163452148438e+01 1.572495400905609131e-01 nan 5.496357421875000000e+03 3.136011962890625000e+02
-1.373129749298095703e+01 1.665502786636352539e-01 nan 5.464673828125000000e+03 3.132435913085937500e+02
-1.382066726684570312e+01 1.998787224292755127e-01 nan 5.433476562500000000e+03 3.127290039062500000e+02
-1.378204536437988281e+01 2.472956329584121704e-01 nan 5.406159179687500000e+03 3.124691467285156250e+02
-1.358120727539062500e+01 2.574063837528228760e-01 nan 5.378125000000000000e+03 3.123952941894531250e+02
-1.340466690063476562e+01 2.612634003162384033e-01 nan 5.345119628906250000e+03 3.122286987304687500e+02
-1.319316864013671875e+01 2.608598768711090088e-01 nan 5.316737304687500000e+03 3.121555175781250000e+02
-1.291413116455078125e+01 2.604188024997711182e-01 nan 5.289379882812500000e+03 3.121699218750000000e+02
-1.268072700500488281e+01 2.635280489921569824e-01 nan 5.259726562500000000e+03 3.121086425781250000e+02
-1.252748680114746094e+01 2.594409286975860596e-01 nan 5.232385253906250000e+03 3.119744873046875000e+02
-1.227916431427001953e+01 2.619044482707977295e-01 nan 5.205462890625000000e+03 3.119513244628906250e+02
-1.199018478393554688e+01 2.633492350578308105e-01 nan 5.177638671875000000e+03 3.119742736816406250e+02
-1.172238540649414062e+01 2.670460641384124756e-01 nan 5.146060546875000000e+03 3.119335937500000000e+02
-1.144392299652099609e+01 2.708248198032379150e-01 nan 5.115519042968750000e+03 3.119046020507812500e+02
-1.130384445190429688e+01 2.748480439186096191e-01 nan 5.090960449218750000e+03 3.117816467285156250e+02
-1.112055206298828125e+01 2.864124178886413574e-01 nan 5.064111328125000000e+03 3.116843261718750000e+02
-1.083166408538818359e+01 2.965776324272155762e-01 nan 5.031795410156250000e+03 3.116547851562500000e+02
-1.059656238555908203e+01 3.011691570281982422e-01 nan 5.005490234375000000e+03 3.116298522949218750e+02
-1.038311958312988281e+01 3.041883409023284912e-01 nan 4.979699707031250000e+03 3.115740356445312500e+02
-1.016865730285644531e+01 2.988763153553009033e-01 nan 4.949634277343750000e+03 3.114856567382812500e+02
-1.008119773864746094e+01 3.179258406162261963e-01 nan 4.919921386718750000e+03 3.112441101074218750e+02
-1.018296241760253906e+01 3.148909807205200195e-01 nan 4.894567871093750000e+03 3.108270874023437500e+02
-1.045301055908203125e+01 3.562940657138824463e-01 nan 4.867760253906250000e+03 3.102002563476562500e+02
-1.039776611328125000e+01 3.575667142868041992e-01 nan 4.839998046875000000e+03 3.099386291503906250e+02
-1.019393920898437500e+01 3.547073602676391602e-01 nan 4.812163085937500000e+03 3.098742065429687500e+02
-9.920375823974609375e+00 3.520856499671936035e-01 nan 4.785271972656250000e+03 3.098684082031250000e+02
-9.710676193237304688e+00 3.633248507976531982e-01 nan 4.759779785156250000e+03 3.098254394531250000e+02
-9.557799339294433594e+00 4.043251574039459229e-01 nan 4.730596191406250000e+03 3.096959838867187500e+02
-9.738142013549804688e+00 4.212126731872558594e-01 nan 4.705638671875000000e+03 3.091647338867187500e+02
-9.693558692932128906e+00 3.997628390789031982e-01 nan 4.679740234375000000e+03 3.089223022460937500e+02
-9.407360076904296875e+00 4.164215326309204102e-01 nan 4.652577148437500000e+03 3.089503479003906250e+02
-9.068356513977050781e+00 4.214563369750976562e-01 nan 4.625281250000000000e+03 3.090437927246093750e+02
-8.767362594604492188e+00 4.209132194519042969e-01 nan 4.594086425781250000e+03 3.090444641113281250e+02
-8.726386070251464844e+00 3.920487165451049805e-01 nan 4.569040039062500000e+03 3.088028259277343750e+02
-8.752041816711425781e+00 3.878413140773773193e-01 nan 4.544268066406250000e+03 3.084829101562500000e+02
-8.800474166870117188e+00 3.679211139678955078e-01 nan 4.518727539062500000e+03 3.081322021484375000e+02
-8.633572578430175781e+00 3.669117689132690430e-01 nan 4.492703613281250000e+03 3.080321960449218750e+02
-8.516809463500976562e+00 4.185136556625366211e-01 nan 4.466328125000000000e+03 3.078667602539062500e+02
-8.401655197143554688e+00 4.558002948760986328e-01 nan 4.440003906250000000e+03 3.076996765136718750e+02
-8.238906860351562500e+00 4.745699763298034668e-01 nan 4.413868164062500000e+03 3.075917968750000000e+02
-8.020065307617187500e+00 5.003772377967834473e-01 nan 4.387926269531250000e+03 3.075540771484375000e+02
-7.834230422973632812e+00 5.560600757598876953e-01 nan 4.361926757812500000e+03 3.074787292480468750e+02
-7.661847114562988281e+00 6.228274106979370117e-01 nan 4.335709472656250000e+03 3.073866577148437500e+02
-7.515819549560546875e+00 9.976204037666320801e-01 nan 4.304937011718750000e+03 3.072265930175781250e+02
-7.540611743927001953e+00 1.572351098060607910e+00 nan 4.279435546875000000e+03 3.068964843750000000e+02
-7.554548263549804688e+00 1.973898172378540039e+00 nan 4.253405761718750000e+03 3.065933227539062500e+02
-7.537002563476562500e+00 2.043305873870849609e+00 nan 4.227033203125000000e+03 3.063123779296875000e+02
-7.485842704772949219e+00 1.736125946044921875e+00 nan 4.206071777343750000e+03 3.061362915039062500e+02
-7.497437477111816406e+00 1.309572696685791016e+00 nan 4.180217285156250000e+03 3.058195190429687500e+02
-7.362238883972167969e+00 1.420339107513427734e+00 nan 4.154557617187500000e+03 3.057023620605468750e+02
-7.240383148193359375e+00 nan nan 4.128231933593750000e+03 3.055507507324218750e+02
-7.136290550231933594e+00 1.701830267906188965e+00 nan 4.102149414062500000e+03 3.053790283203125000e+02
-7.045070171356201172e+00 1.713246822357177734e+00 nan 4.077060058593750000e+03 3.052050170898437500e+02
-6.942505359649658203e+00 1.855572938919067383e+00 nan 4.051652343750000000e+03 3.050371704101562500e+02
-6.820421695709228516e+00 1.837099909782409668e+00 nan 4.025788330078125000e+03 3.048877868652343750e+02
-6.635851383209228516e+00 1.902756214141845703e+00 nan 4.000032714843750000e+03 3.048055114746093750e+02
-6.476040840148925781e+00 1.868775725364685059e+00 nan 3.974317871093750000e+03 3.047021484375000000e+02
-6.308985710144042969e+00 1.915741682052612305e+00 nan 3.948535400390625000e+03 3.046019287109375000e+02
-6.144079685211181641e+00 1.917803049087524414e+00 nan 3.927796875000000000e+03 3.045642089843750000e+02
-5.909732341766357422e+00 1.876052618026733398e+00 nan 3.901541503906250000e+03 3.045376586914062500e+02
-5.686427116394042969e+00 1.879904508590698242e+00 nan 3.875242919921875000e+03 3.045037841796875000e+02
-5.499551773071289062e+00 1.808117985725402832e+00 nan 3.854314453125000000e+03 3.044826660156250000e+02
-5.312809944152832031e+00 1.861704468727111816e+00 nan 3.828242187500000000e+03 3.044059753417968750e+02
-5.093190193176269531e+00 1.876812696456909180e+00 nan 3.802781250000000000e+03 3.043781738281250000e+02
-4.851749420166015625e+00 1.919308423995971680e+00 nan 3.777450927734375000e+03 3.043637084960937500e+02
-4.641353607177734375e+00 1.848328113555908203e+00 nan 3.751681396484375000e+03 3.043254699707031250e+02
-4.447774887084960938e+00 1.830088257789611816e+00 nan 3.730860351562500000e+03 3.043140563964843750e+02
-4.225198268890380859e+00 1.689912319183349609e+00 nan 3.704813720703125000e+03 3.042788391113281250e+02
-4.013843059539794922e+00 1.640536189079284668e+00 nan 3.678977050781250000e+03 3.042301025390625000e+02
-3.811836004257202148e+00 1.495896220207214355e+00 nan 3.654327148437500000e+03 3.041796264648437500e+02
-3.560216665267944336e+00 1.362139701843261719e+00 nan 3.628875000000000000e+03 3.041872253417968750e+02
-3.363261699676513672e+00 1.369431495666503906e+00 nan 3.610334960937500000e+03 3.042147521972656250e+02
-3.194848060607910156e+00 1.357160806655883789e+00 nan 3.579827636718750000e+03 3.040923156738281250e+02
-2.913660764694213867e+00 1.417498111724853516e+00 nan 3.558381347656250000e+03 3.041584472656250000e+02
-2.681089401245117188e+00 1.257491111755371094e+00 nan 3.535974609375000000e+03 3.041765136718750000e+02
-2.597937345504760742e+00 1.168608665466308594e+00 nan 3.511131347656250000e+03 3.040006103515625000e+02
-2.502942800521850586e+00 1.091157674789428711e+00 nan 3.486286621093750000e+03 3.038401489257812500e+02
-2.362292766571044922e+00 1.079564809799194336e+00 nan 3.464183837890625000e+03 3.037501220703125000e+02
-2.155165195465087891e+00 1.083331942558288574e+00 nan 3.441885498046875000e+03 3.037361450195312500e+02
-1.929714083671569824e+00 1.077249526977539062e+00 nan 3.416558349609375000e+03 3.037189331054687500e+02
-1.712816953659057617e+00 1.090382337570190430e+00 nan 3.393984619140625000e+03 3.037093200683593750e+02
-1.538006067276000977e+00 1.088513970375061035e+00 nan 3.370687988281250000e+03 3.036486816406250000e+02
-1.551013231277465820e+00 1.077894568443298340e+00 nan 3.347441406250000000e+03 3.033771667480468750e+02
-1.586786508560180664e+00 1.164489865303039551e+00 nan 3.324192138671875000e+03 3.030864868164062500e+02
-1.526520013809204102e+00 1.166181802749633789e+00 nan 3.297833007812500000e+03 3.028670654296875000e+02
-1.359500765800476074e+00 1.212340831756591797e+00 nan 3.275294921875000000e+03 3.028045349121093750e+02
-1.216795921325683594e+00 1.226080179214477539e+00 nan 3.252817871093750000e+03 3.027109375000000000e+02
-1.013641119003295898e+00 1.290029287338256836e+00 nan 3.229157958984375000e+03 3.026814270019531250e+02
-9.829742312431335449e-01 1.581822872161865234e+00 nan 3.207839843750000000e+03 3.024818115234375000e+02
-8.282907009124755859e-01 1.637882947921752930e+00 nan 3.186299560546875000e+03 3.024205932617187500e+02
-6.796328425407409668e-01 1.668406009674072266e+00 nan 3.163641357421875000e+03 3.023403625488281250e+02
-5.431193113327026367e-01 1.849390029907226562e+00 nan 3.138938476562500000e+03 3.022261962890625000e+02
-3.664725422859191895e-01 1.851881265640258789e+00 nan 3.115592285156250000e+03 3.021561279296875000e+02
-1.691216975450515747e-01 1.730122089385986328e+00 nan 3.094042480468750000e+03 3.021610412597656250e+02
-1.401202231645584106e-01 1.689741969108581543e+00 nan 3.066889648437500000e+03 3.019194946289062500e+02
-8.363530039787292480e-02 1.726138472557067871e+00 nan 3.040268554687500000e+03 3.016920776367187500e+02
-2.427566563710570335e-03 1.755444765090942383e+00 nan 3.021580566406250000e+03 3.015797119140625000e+02
1.278509050607681274e-01 1.767012119293212891e+00 nan 3.000906738281250000e+03 3.014980163574218750e+02
2.740113437175750732e-01 1.766852259635925293e+00 nan 2.978584716796875000e+03 3.014264526367187500e+02
4.391808211803436279e-01 1.716293811798095703e+00 nan 2.953865234375000000e+03 3.013372192382812500e+02
5.839264988899230957e-01 1.782368421554565430e+00 nan 2.926912841796875000e+03 3.011981506347656250e+02
7.176911830902099609e-01 1.774807691574096680e+00 nan 2.907631835937500000e+03 3.011292724609375000e+02
8.468411564826965332e-01 1.734111189842224121e+00 nan 2.887484130859375000e+03 3.010561828613281250e+02
9.794867038726806641e-01 1.676661491394042969e+00 nan 2.866307861328125000e+03 3.009702148437500000e+02
1.144773364067077637e+00 1.586752176284790039e+00 nan 2.844007812500000000e+03 3.009111022949218750e+02
1.319670081138610840e+00 1.551421880722045898e+00 nan 2.820641113281250000e+03 3.008402404785156250e+02
1.500500321388244629e+00 1.518316388130187988e+00 nan 2.796272949218750000e+03 3.007785034179687500e+02
1.701891303062438965e+00 1.465401053428649902e+00 nan 2.767939208984375000e+03 3.007241516113281250e+02
nan nan nan nan nan
1.889112114906311035e+00 1.342811107635498047e+00 nan 2.744613769531250000e+03 3.006422729492187500e+02
2.079548120498657227e+00 1.203422069549560547e+00 nan 2.717843994140625000e+03 3.005556335449218750e+02
2.291248321533203125e+00 1.289692878723144531e+00 nan 2.690980712890625000e+03 3.004884948730468750e+02
2.467303514480590820e+00 1.263967037200927734e+00 nan 2.664779052734375000e+03 3.003964843750000000e+02
nan nan nan nan nan
2.634891510009765625e+00 1.139845252037048340e+00 nan 2.639705322265625000e+03 3.003127136230468750e+02
2.834938526153564453e+00 1.098753929138183594e+00 nan 2.615859375000000000e+03 3.002706298828125000e+02
3.005928754806518555e+00 1.222895979881286621e+00 nan 2.593383544921875000e+03 3.002191467285156250e+02
3.142004966735839844e+00 1.249320387840270996e+00 nan 2.571986816406250000e+03 3.001413879394531250e+02
3.333932161331176758e+00 1.274969220161437988e+00 nan 2.551383544921875000e+03 3.001283264160156250e+02
3.508957147598266602e+00 1.260710954666137695e+00 nan 2.522260253906250000e+03 3.000123596191406250e+02
3.701432466506958008e+00 1.143225312232971191e+00 nan 2.494858642578125000e+03 2.999318237304687500e+02
3.831029415130615234e+00 1.150157213211059570e+00 nan 2.477750976562500000e+03 2.998952026367187500e+02
3.958337068557739258e+00 1.126463294029235840e+00 nan 2.461534179687500000e+03 2.998612060546875000e+02
4.060753345489501953e+00 1.080712199211120605e+00 nan 2.439077636718750000e+03 2.997345581054687500e+02
4.221444606781005859e+00 1.047806978225708008e+00 nan 2.412415527343750000e+03 2.996287536621093750e+02
4.259553909301757812e+00 1.011698007583618164e+00 nan 2.389276855468750000e+03 2.994318542480468750e+02
4.312184333801269531e+00 1.051762819290161133e+00 nan 2.369303222656250000e+03 2.992867431640625000e+02
4.508782863616943359e+00 1.035966396331787109e+00 nan 2.344256347656250000e+03 2.992412109375000000e+02
5.004183292388916016e+00 1.032469391822814941e+00 nan 2.323785644531250000e+03 2.995559387207031250e+02
5.184584140777587891e+00 1.016206145286560059e+00 nan 2.302200683593750000e+03 2.995595703125000000e+02
5.572061061859130859e+00 1.045625805854797363e+00 nan 2.281005859375000000e+03 2.997709960937500000e+02
5.734921455383300781e+00 1.020733594894409180e+00 nan 2.261702148437500000e+03 2.997592773437500000e+02
5.700351715087890625e+00 1.051118135452270508e+00 nan 2.241206054687500000e+03 2.994942016601562500e+02
5.472528934478759766e+00 1.176088213920593262e+00 nan 2.218311279296875000e+03 2.990140991210937500e+02
5.465785026550292969e+00 1.225570440292358398e+00 nan 2.196133056640625000e+03 2.987753906250000000e+02
5.523958206176757812e+00 1.278280138969421387e+00 nan 2.177053466796875000e+03 2.986442260742187500e+02
5.567892074584960938e+00 1.336302757263183594e+00 nan 2.157367431640625000e+03 2.984815979003906250e+02
5.612244606018066406e+00 1.379479765892028809e+00 nan 2.134795654296875000e+03 2.982972106933593750e+02
5.627401351928710938e+00 1.452987194061279297e+00 nan 2.113171875000000000e+03 2.980948791503906250e+02
5.675131797790527344e+00 1.498822331428527832e+00 nan 2.096041748046875000e+03 2.979545593261718750e+02
5.784998416900634766e+00 1.431859016418457031e+00 nan 2.076676269531250000e+03 2.978524169921875000e+02
5.863230705261230469e+00 1.472189426422119141e+00 nan 2.057166015625000000e+03 2.977370605468750000e+02
6.056923389434814453e+00 1.504027962684631348e+00 nan 2.033334594726562500e+03 2.976939392089843750e+02
6.287838459014892578e+00 1.499822139739990234e+00 nan 2.010481567382812500e+03 2.977008666992187500e+02
6.413372993469238281e+00 1.533282756805419922e+00 nan 1.992366210937500000e+03 2.976426391601562500e+02
6.589753150939941406e+00 1.562605381011962891e+00 nan 1.973434570312500000e+03 2.976143493652343750e+02
6.770848751068115234e+00 1.568002581596374512e+00 nan 1.958125610351562500e+03 2.976020812988281250e+02
6.884651184082031250e+00 1.617779493331909180e+00 nan 1.947332519531250000e+03 2.975672607421875000e+02
6.979490280151367188e+00 1.671947956085205078e+00 nan 1.930458251953125000e+03 2.974381713867187500e+02
6.976689338684082031e+00 1.863296270370483398e+00 nan 1.909120361328125000e+03 2.971837158203125000e+02
6.842139720916748047e+00 2.111400127410888672e+00 nan 1.886503906250000000e+03 2.968364868164062500e+02
6.800903797149658203e+00 2.223406553268432617e+00 nan 1.864256347656250000e+03 2.965709228515625000e+02
6.888880729675292969e+00 2.306566238403320312e+00 nan 1.845601562500000000e+03 2.964764404296875000e+02
7.048341751098632812e+00 2.267810821533203125e+00 nan 1.826412109375000000e+03 2.964418334960937500e+02
7.205648422241210938e+00 2.347948074340820312e+00 nan 1.807169921875000000e+03 2.964053344726562500e+02
7.356887340545654297e+00 2.366555452346801758e+00 nan 1.788374023437500000e+03 2.963889160156250000e+02
7.558389663696289062e+00 2.329633474349975586e+00 nan 1.769961059570312500e+03 2.963984375000000000e+02
7.778773784637451172e+00 2.400744199752807617e+00 nan 1.751074951171875000e+03 2.964346313476562500e+02
7.957935333251953125e+00 2.402384996414184570e+00 nan 1.731728271484375000e+03 2.964024047851562500e+02
8.123979568481445312e+00 2.529304027557373047e+00 nan 1.712694335937500000e+03 2.963842773437500000e+02
8.355274200439453125e+00 2.542653322219848633e+00 nan 1.689998168945312500e+03 2.963906555175781250e+02
8.572729110717773438e+00 2.591215610504150391e+00 nan 1.667173706054687500e+03 2.963823242187500000e+02
8.747251510620117188e+00 2.608279466629028320e+00 nan 1.648879638671875000e+03 2.963632507324218750e+02
8.908263206481933594e+00 2.730216979980468750e+00 nan 1.631263549804687500e+03 2.963484497070312500e+02
9.033580780029296875e+00 2.795777797698974609e+00 nan 1.614272216796875000e+03 2.963242492675781250e+02
9.240102767944335938e+00 2.812964916229248047e+00 nan 1.596526367187500000e+03 2.963662109375000000e+02
9.412540435791015625e+00 2.820700645446777344e+00 nan 1.577818115234375000e+03 2.963226928710937500e+02
9.645997047424316406e+00 2.898184061050415039e+00 nan 1.555124389648437500e+03 2.963169250488281250e+02
9.831202507019042969e+00 2.847534656524658203e+00 nan 1.532977294921875000e+03 2.963206481933593750e+02
1.002902984619140625e+01 2.951806306838989258e+00 nan 1.514358154296875000e+03 2.963186340332031250e+02
1.023080062866210938e+01 2.812661170959472656e+00 nan 1.495495361328125000e+03 2.963274536132812500e+02
1.043650436401367188e+01 2.838577270507812500e+00 nan 1.476856933593750000e+03 2.963546447753906250e+02
1.061135482788085938e+01 2.856832027435302734e+00 nan 1.458109130859375000e+03 2.963501892089843750e+02
1.077243804931640625e+01 2.967985153198242188e+00 nan 1.439215087890625000e+03 2.963092041015625000e+02
1.097042465209960938e+01 2.917025566101074219e+00 nan 1.420638671875000000e+03 2.963276062011718750e+02
1.117984580993652344e+01 2.912577629089355469e+00 nan 1.402349365234375000e+03 2.963659667968750000e+02
1.140696334838867188e+01 2.810564041137695312e+00 nan 1.383827148437500000e+03 2.964167480468750000e+02
1.161027812957763672e+01 2.691245079040527344e+00 nan 1.364680419921875000e+03 2.964176330566406250e+02
1.181251144409179688e+01 2.829270839691162109e+00 nan 1.345880981445312500e+03 2.964277038574218750e+02
1.201500320434570312e+01 2.806897401809692383e+00 nan 1.327999755859375000e+03 2.964653930664062500e+02
1.219240188598632812e+01 2.812263488769531250e+00 nan 1.305960083007812500e+03 2.964319152832031250e+02
1.205195426940917969e+01 4.608842372894287109e+00 nan 1.283627319335937500e+03 2.960626220703125000e+02
1.138972949981689453e+01 5.048265457153320312e+00 nan 1.265564331054687500e+03 2.951957397460937500e+02
1.110242366790771484e+01 5.256970405578613281e+00 nan 1.246970458984375000e+03 2.946877441406250000e+02
1.073594284057617188e+01 5.686977386474609375e+00 nan 1.228662597656250000e+03 2.941294555664062500e+02
1.037827110290527344e+01 5.903985500335693359e+00 nan 1.210826538085937500e+03 2.935917663574218750e+02
9.938842773437500000e+00 6.131256580352783203e+00 nan 1.192440307617187500e+03 2.929553222656250000e+02
9.706073760986328125e+00 6.271423339843750000e+00 nan 1.168987426757812500e+03 2.925021972656250000e+02
9.433788299560546875e+00 6.254734516143798828e+00 nan 1.149018432617187500e+03 2.920105590820312500e+02
1.031544113159179688e+01 6.096257686614990234e+00 nan 1.134028320312500000e+03 2.927477416992187500e+02
1.086343383789062500e+01 6.231829166412353516e+00 nan 1.111964477539062500e+03 2.931766357421875000e+02
1.062633037567138672e+01 6.214127540588378906e+00 nan 1.094214477539062500e+03 2.926855468750000000e+02
9.952199935913085938e+00 6.101891040802001953e+00 nan 1.080108886718750000e+03 2.918502197265625000e+02
9.482728958129882812e+00 6.205305099487304688e+00 nan 1.060708496093750000e+03 2.911633300781250000e+02
9.363309860229492188e+00 6.443614959716796875e+00 nan 1.042383056640625000e+03 2.908960571289062500e+02
9.360225677490234375e+00 6.594133853912353516e+00 nan 1.020759338378906250e+03 2.907227478027343750e+02
9.411122322082519531e+00 6.628591537475585938e+00 nan 9.991825561523437500e+02 2.905682373046875000e+02
9.456191062927246094e+00 6.640756607055664062e+00 nan 9.816110229492187500e+02 2.904555358886718750e+02
9.531429290771484375e+00 6.663789749145507812e+00 nan 9.624724121093750000e+02 2.903396911621093750e+02
9.661281585693359375e+00 6.652498722076416016e+00 nan 9.416691894531250000e+02 2.902531127929687500e+02
9.776970863342285156e+00 6.584871292114257812e+00 nan 9.262282714843750000e+02 2.902169799804687500e+02
9.936021804809570312e+00 6.596001625061035156e+00 nan 9.063120117187500000e+02 2.901787109375000000e+02
1.011581993103027344e+01 6.684671878814697266e+00 nan 8.840561523437500000e+02 2.901727294921875000e+02
1.029603576660156250e+01 6.668728828430175781e+00 nan 8.676509399414062500e+02 2.902141113281250000e+02
1.046997642517089844e+01 6.672366142272949219e+00 nan 8.500191650390625000e+02 2.902169799804687500e+02
1.062410736083984375e+01 6.616726875305175781e+00 nan 8.311522216796875000e+02 2.901856689453125000e+02
1.064620113372802734e+01 6.547621726989746094e+00 nan 8.115316162109375000e+02 2.900032653808593750e+02
1.061106491088867188e+01 6.388352394104003906e+00 nan 7.918029174804687500e+02 2.897703857421875000e+02
1.062313842773437500e+01 6.391766548156738281e+00 nan 7.770104370117187500e+02 2.895888061523437500e+02
1.042789649963378906e+01 6.618635177612304688e+00 nan 7.622326049804687500e+02 2.892700805664062500e+02
1.034726333618164062e+01 6.876579761505126953e+00 nan 7.425054931640625000e+02 2.890222778320312500e+02
1.053853893280029297e+01 6.989972114562988281e+00 nan 7.276992797851562500e+02 2.889733276367187500e+02
1.062243461608886719e+01 7.037538051605224609e+00 nan 7.094838256835937500e+02 2.888760375976562500e+02
1.094238376617431641e+01 6.850675106048583984e+00 nan 6.616971435546875000e+02 2.890212402343750000e+02
1.134305667877197266e+01 6.554291725158691406e+00 nan 6.444442749023437500e+02 2.892585449218750000e+02
1.141320610046386719e+01 6.560001373291015625e+00 nan 6.357348632812500000e+02 2.892357788085937500e+02
1.151848030090332031e+01 6.498761653900146484e+00 nan 6.003298339843750000e+02 2.891264343261718750e+02
1.163318634033203125e+01 6.543081760406494141e+00 nan 5.754533691406250000e+02 2.890525512695312500e+02
1.175454425811767578e+01 6.553173065185546875e+00 nan 5.608889770507812500e+02 2.890248413085937500e+02
1.192872238159179688e+01 6.484746932983398438e+00 nan 5.444243774414062500e+02 2.890281982421875000e+02
1.206457328796386719e+01 6.477175235748291016e+00 nan 5.277743530273437500e+02 2.890065612792968750e+02
1.220576190948486328e+01 6.543652534484863281e+00 nan 5.111644287109375000e+02 2.889726257324218750e+02
1.235724163055419922e+01 6.399218559265136719e+00 nan 4.948033447265625000e+02 2.889586181640625000e+02
1.254721260070800781e+01 6.410638809204101562e+00 nan 4.787910156250000000e+02 2.889570007324218750e+02
1.276854038238525391e+01 6.900104045867919922e+00 nan 4.614394531250000000e+02 2.889574890136718750e+02
1.291487789154052734e+01 6.613461017608642578e+00 nan 4.624132690429687500e+02 2.890115966796875000e+02
1.303541755676269531e+01 6.402027130126953125e+00 nan 4.408691406250000000e+02 2.889188232421875000e+02
1.320893955230712891e+01 6.538844585418701172e+00 nan 4.289927062988281250e+02 2.889341735839843750e+02
1.329228687286376953e+01 6.570081710815429688e+00 nan 4.109458618164062500e+02 2.888454284667968750e+02
1.330774688720703125e+01 6.989049911499023438e+00 nan 3.911902465820312500e+02 2.886874084472656250e+02
1.344516181945800781e+01 6.880376338958740234e+00 nan 3.727898864746093750e+02 2.886531982421875000e+02
1.358347129821777344e+01 6.845552921295166016e+00 nan 3.552388305664062500e+02 2.886284179687500000e+02
1.368846607208251953e+01 7.125724792480468750e+00 nan 3.447180175781250000e+02 2.886250610351562500e+02
1.380292034149169922e+01 7.133108615875244141e+00 nan 3.243399963378906250e+02 2.885431823730468750e+02
1.396636962890625000e+01 7.162587165832519531e+00 nan 3.112860717773437500e+02 2.885891418457031250e+02
1.423588752746582031e+01 7.164780139923095703e+00 nan 2.890726013183593750e+02 2.886188049316406250e+02
1.429983615875244141e+01 6.980851650238037109e+00 nan 2.706135559082031250e+02 2.885160522460937500e+02
1.460345554351806641e+01 7.054043769836425781e+00 nan 2.504343872070312500e+02 2.885911254882812500e+02
1.472182273864746094e+01 7.108129501342773438e+00 nan 2.366962738037109375e+02 2.886099853515625000e+02
1.487640190124511719e+01 7.039066791534423828e+00 nan 2.206851654052734375e+02 2.886105346679687500e+02
1.498591709136962891e+01 7.030017852783203125e+00 nan 1.973593292236328125e+02 2.885029296875000000e+02
1.508278083801269531e+01 7.057459354400634766e+00 nan 1.827498168945312500e+02 2.884639282226562500e+02
1.546433830261230469e+01 7.166804313659667969e+00 nan 1.683096008300781250e+02 2.886705017089843750e+02
1.550423145294189453e+01 6.921699523925781250e+00 nan 1.528785705566406250e+02 2.885531616210937500e+02
1.557836532592773438e+01 6.981585502624511719e+00 nan 1.380678253173828125e+02 2.885194091796875000e+02
1.579654312133789062e+01 7.024251937866210938e+00 nan 1.219110946655273438e+02 2.885546875000000000e+02
1.605295944213867188e+01 7.122977733612060547e+00 nan 1.056211471557617188e+02 2.885854492187500000e+02
