nan nan nan nan nan
nan nan nan nan nan
nan nan nan nan nan
nan nan nan nan nan
nan nan nan nan nan
nan nan nan nan nan
nan nan nan nan nan
nan nan nan nan nan
nan nan nan nan nan
nan nan nan nan nan
nan nan nan nan nan
nan nan nan nan nan
nan nan nan nan nan
nan nan nan nan nan
nan nan nan nan nan
nan nan nan nan nan
nan nan nan nan nan
nan nan nan nan nan
nan nan nan nan nan
nan nan nan nan nan
nan nan nan nan nan
nan nan nan nan nan
nan nan nan nan nan
nan nan nan nan nan
nan nan nan nan nan
nan nan nan nan nan
nan nan nan nan nan
nan nan nan nan nan
nan nan nan nan nan
nan nan nan nan nan
nan nan nan nan nan
nan nan nan nan nan
nan nan nan nan nan
nan nan nan nan nan
nan nan nan nan nan
nan nan nan nan nan
nan nan nan nan nan
-1.647215080261230469e+01 1.019050121307373047e+00 nan 6.151916015625000000e+03 3.173848266601562500e+02
-1.627410888671875000e+01 9.772877693176269531e-01 nan 6.130363281250000000e+03 3.173583984375000000e+02
-1.610322570800781250e+01 9.675140380859375000e-01 nan 6.100968750000000000e+03 3.172270507812500000e+02
-1.586555862426757812e+01 1.006005764007568359e+00 nan 6.067482421875000000e+03 3.171144409179687500e+02
-1.555114936828613281e+01 1.010200023651123047e+00 nan 6.033794921875000000e+03 3.170980834960937500e+02
-1.531007480621337891e+01 1.032282114028930664e+00 nan 6.004198242187500000e+03 3.170326538085937500e+02
-1.508164310455322266e+01 1.040139198303222656e+00 nan 5.974704589843750000e+03 3.169510498046875000e+02
-1.489259338378906250e+01 1.020383954048156738e+00 nan 5.941414062500000000e+03 3.168099365234375000e+02
-1.468194198608398438e+01 9.956930875778198242e-01 nan 5.911996093750000000e+03 3.167047119140625000e+02
-1.447470378875732422e+01 9.915456771850585938e-01 nan 5.882129882812500000e+03 3.165958251953125000e+02
-1.419353771209716797e+01 9.952976703643798828e-01 nan 5.848349609375000000e+03 3.165424804687500000e+02
-1.395875358581542969e+01 9.998332858085632324e-01 nan 5.819202148437500000e+03 3.164786987304687500e+02
-1.375844573974609375e+01 9.856785535812377930e-01 nan 5.789661132812500000e+03 3.163806152343750000e+02
-1.363921928405761719e+01 7.558377385139465332e-01 nan 5.760078125000000000e+03 3.161707763671875000e+02
-1.347460556030273438e+01 7.073127627372741699e-01 nan 5.730964843750000000e+03 3.160225830078125000e+02
-1.322277641296386719e+01 6.766634583473205566e-01 nan 5.697664062500000000e+03 3.159364624023437500e+02
-1.295739936828613281e+01 6.236380338668823242e-01 nan 5.668255371093750000e+03 3.159076843261718750e+02
-1.270898437500000000e+01 6.220991015434265137e-01 nan 5.638553710937500000e+03 3.158574218750000000e+02
-1.248555660247802734e+01 6.378685832023620605e-01 nan 5.609085449218750000e+03 3.157767944335937500e+02
-1.233159828186035156e+01 6.167218685150146484e-01 nan 5.579931640625000000e+03 3.156250000000000000e+02
-1.211158466339111328e+01 6.231122016906738281e-01 nan 5.550737792968750000e+03 3.155447692871093750e+02
-1.194252777099609375e+01 5.642380714416503906e-01 nan 5.521416992187500000e+03 3.154041442871093750e+02
-1.175449085235595703e+01 6.448466181755065918e-01 nan 5.492237304687500000e+03 3.152816162109375000e+02
-1.156291294097900391e+01 6.289326548576354980e-01 nan 5.462907226562500000e+03 3.151771240234375000e+02
-1.127589797973632812e+01 5.699645280838012695e-01 nan 5.429545898437500000e+03 3.151258239746093750e+02
-1.100917148590087891e+01 5.825099349021911621e-01 nan 5.400446289062500000e+03 3.151079711914062500e+02
-1.079181861877441406e+01 6.974191069602966309e-01 nan 5.375332519531250000e+03 3.150779113769531250e+02
-1.052520561218261719e+01 6.620166897773742676e-01 nan 5.345750488281250000e+03 3.150498046875000000e+02
-1.032117748260498047e+01 6.507869958877563477e-01 nan 5.316275390625000000e+03 3.149512634277343750e+02
-1.013896560668945312e+01 7.133688926696777344e-01 nan 5.287213378906250000e+03 3.148312377929687500e+02
-9.906346321105957031e+00 8.548670411109924316e-01 nan 5.258135742187500000e+03 3.147712097167968750e+02
-9.652100563049316406e+00 7.823510169982910156e-01 nan 5.228795898437500000e+03 3.147366943359375000e+02
-9.496714591979980469e+00 7.320301532745361328e-01 nan 5.199356933593750000e+03 3.146177978515625000e+02
-9.424158096313476562e+00 7.146904468536376953e-01 nan 5.170069824218750000e+03 3.143158264160156250e+02
-9.248499870300292969e+00 6.091169118881225586e-01 nan 5.140944824218750000e+03 3.141940612792968750e+02
-9.120335578918457031e+00 6.297132372856140137e-01 nan 5.114291503906250000e+03 3.140500183105468750e+02
-8.983942985534667969e+00 7.745033502578735352e-01 nan 5.085080566406250000e+03 3.138480529785156250e+02
-8.763471603393554688e+00 8.320112228393554688e-01 nan 5.056347656250000000e+03 3.137797241210937500e+02
-8.490930557250976562e+00 8.184483647346496582e-01 nan 5.028105957031250000e+03 3.137755432128906250e+02
-8.266617774963378906e+00 8.369177579879760742e-01 nan 4.999922363281250000e+03 3.137206115722656250e+02
-8.053189277648925781e+00 8.764730095863342285e-01 nan 4.971364746093750000e+03 3.136385192871093750e+02
-7.800713062286376953e+00 9.115822911262512207e-01 nan 4.942295898437500000e+03 3.135889892578125000e+02
-7.643646717071533203e+00 1.014831185340881348e+00 nan 4.918400390625000000e+03 3.134993286132812500e+02
-7.429055213928222656e+00 1.055810451507568359e+00 nan 4.890458984375000000e+03 3.134400939941406250e+02
-7.338839054107666016e+00 8.494241237640380859e-01 nan 4.862462890625000000e+03 3.132241210937500000e+02
-7.185331344604492188e+00 7.779606580734252930e-01 nan 4.838225097656250000e+03 3.131382446289062500e+02
-6.943138599395751953e+00 6.746947169303894043e-01 nan 4.806889160156250000e+03 3.130446777343750000e+02
-6.696128368377685547e+00 6.749755144119262695e-01 nan 4.780047363281250000e+03 3.130155029296875000e+02
-6.444490432739257812e+00 6.759111285209655762e-01 nan 4.753565917968750000e+03 3.130104675292968750e+02
-6.202197074890136719e+00 6.783648729324340820e-01 nan 4.727381835937500000e+03 3.130058288574218750e+02
-5.981208324432373047e+00 6.783050298690795898e-01 nan 4.701413085937500000e+03 3.129775085449218750e+02
-5.776544094085693359e+00 6.342862844467163086e-01 nan 4.670136718750000000e+03 3.128611145019531250e+02
-5.643114566802978516e+00 4.445188939571380615e-01 nan 4.643748046875000000e+03 3.127108459472656250e+02
-5.587688446044921875e+00 2.816327214241027832e-01 nan 4.621563476562500000e+03 3.125008544921875000e+02
-5.508291244506835938e+00 2.645005285739898682e-01 nan 4.593860839843750000e+03 3.122766723632812500e+02
-5.374973297119140625e+00 2.324121892452239990e-01 nan 4.565954101562500000e+03 3.121119079589843750e+02
-5.226929187774658203e+00 2.037379443645477295e-01 nan 4.542100097656250000e+03 3.119975891113281250e+02
-5.061447143554687500e+00 1.967079639434814453e-01 nan 4.517962890625000000e+03 3.119148559570312500e+02
-4.779172420501708984e+00 1.957377046346664429e-01 nan 4.488248535156250000e+03 3.119023132324218750e+02
-4.573201179504394531e+00 2.012534141540527344e-01 nan 4.459288574218750000e+03 3.118167724609375000e+02
-4.383767127990722656e+00 2.043488919734954834e-01 nan 4.436557617187500000e+03 3.117793579101562500e+02
-4.150999069213867188e+00 2.161283046007156372e-01 nan 4.407937988281250000e+03 3.117317199707031250e+02
-4.111087799072265625e+00 3.169300258159637451e-01 nan 4.378698242187500000e+03 3.114481811523437500e+02
-4.143626689910888672e+00 4.609834551811218262e-01 nan 4.355200195312500000e+03 3.111391601562500000e+02
-4.126053810119628906e+00 5.148230791091918945e-01 nan 4.326146972656250000e+03 3.108330993652343750e+02
-3.992832899093627930e+00 6.091288328170776367e-01 nan 4.298236816406250000e+03 3.106724243164062500e+02
-3.999501228332519531e+00 6.932659149169921875e-01 nan 4.274311523437500000e+03 3.104000854492187500e+02
-3.925471305847167969e+00 6.250776052474975586e-01 nan 4.250661132812500000e+03 3.102258300781250000e+02
-3.848526716232299805e+00 5.767176151275634766e-01 nan 4.225239257812500000e+03 3.100484924316406250e+02
-3.821615695953369141e+00 5.954344272613525391e-01 nan 4.197050292968750000e+03 3.097415771484375000e+02
-3.762509346008300781e+00 6.951897144317626953e-01 nan 4.172237304687500000e+03 3.095361328125000000e+02
-3.702936172485351562e+00 1.025901556015014648e+00 nan 4.147750000000000000e+03 3.093366699218750000e+02
-3.672706842422485352e+00 1.061962604522705078e+00 nan 4.121374511718750000e+03 3.090548706054687500e+02
-3.521060705184936523e+00 1.011482715606689453e+00 nan 4.097974121093750000e+03 3.089664916992187500e+02
-3.256347656250000000e+00 1.011051774024963379e+00 nan 4.072343505859375000e+03 3.089695739746093750e+02
-2.986998558044433594e+00 1.353886127471923828e+00 nan 4.040982910156250000e+03 3.089738769531250000e+02
-2.797496318817138672e+00 9.175131320953369141e-01 nan 4.013667480468750000e+03 3.088966674804687500e+02
-2.571045398712158203e+00 8.730287551879882812e-01 nan 3.991284423828125000e+03 3.088851928710937500e+02
-2.428602218627929688e+00 9.119822382926940918e-01 nan 3.967595458984375000e+03 3.087871093750000000e+02
-2.293080806732177734e+00 1.054090976715087891e+00 nan 3.944920898437500000e+03 3.086909484863281250e+02
-2.137430906295776367e+00 1.240440726280212402e+00 nan 3.918444824218750000e+03 3.085786743164062500e+02
-1.982234477996826172e+00 1.235278367996215820e+00 nan 3.892789550781250000e+03 3.084739685058593750e+02
-1.820473670959472656e+00 1.366000890731811523e+00 nan 3.866698486328125000e+03 3.083686523437500000e+02
-1.684218406677246094e+00 1.261577844619750977e+00 nan 3.842025878906250000e+03 3.082554016113281250e+02
-1.509366750717163086e+00 1.043125867843627930e+00 nan 3.810755371093750000e+03 3.081443481445312500e+02
-1.533776521682739258e+00 1.131567835807800293e+00 nan 3.787936767578125000e+03 3.079092712402343750e+02
-1.415199518203735352e+00 1.184340238571166992e+00 nan 3.759532958984375000e+03 3.077250366210937500e+02
-1.233949899673461914e+00 1.157345890998840332e+00 nan 3.734791015625000000e+03 3.076566772460937500e+02
-1.066405177116394043e+00 1.104691505432128906e+00 nan 3.712187744140625000e+03 3.075988159179687500e+02
-8.736554384231567383e-01 1.113441228866577148e+00 nan 3.686267089843750000e+03 3.075402832031250000e+02
-7.444597482681274414e-01 1.130008339881896973e+00 nan 3.662036621093750000e+03 3.074163208007812500e+02
-6.417232751846313477e-01 1.037784576416015625e+00 nan 3.638919433593750000e+03 3.072776794433593750e+02
-5.597038865089416504e-01 9.633746147155761719e-01 nan 3.614577636718750000e+03 3.070956115722656250e+02
-5.161764621734619141e-01 9.138647317886352539e-01 nan 3.589916259765625000e+03 3.068774414062500000e+02
-4.950183629989624023e-01 1.268615961074829102e+00 nan 3.565166992187500000e+03 3.066166992187500000e+02
-4.503464698791503906e-01 1.429317355155944824e+00 nan 3.541498779296875000e+03 3.063977966308593750e+02
-3.887144029140472412e-01 1.608072757720947266e+00 nan 3.520364257812500000e+03 3.062241210937500000e+02
-3.321879804134368896e-01 1.956859350204467773e+00 nan 3.498757812500000000e+03 3.060466003417968750e+02
-2.356644719839096069e-01 2.093510866165161133e+00 nan 3.472668945312500000e+03 3.058610839843750000e+02
-1.293281912803649902e-01 2.154521703720092773e+00 nan 3.450154052734375000e+03 3.057378234863281250e+02
3.154198452830314636e-02 2.107882738113403320e+00 nan 3.427448974609375000e+03 3.056718139648437500e+02
1.461262255907058716e-01 1.985639095306396484e+00 nan 3.404419189453125000e+03 3.055451660156250000e+02
2.173370122909545898e-01 1.944667696952819824e+00 nan 3.378586181640625000e+03 3.053421020507812500e+02
3.541291952133178711e-01 1.906227350234985352e+00 nan 3.349763183593750000e+03 3.051719055175781250e+02
4.524094760417938232e-01 1.899979948997497559e+00 nan 3.331953613281250000e+03 3.050827331542968750e+02
5.729161500930786133e-01 1.906354904174804688e+00 nan 3.313810546875000000e+03 3.050180664062500000e+02
7.702511548995971680e-01 1.962649106979370117e+00 nan 3.289534912109375000e+03 3.049720458984375000e+02
9.336940050125122070e-01 1.871089696884155273e+00 nan 3.265335937500000000e+03 3.048920898437500000e+02
1.140822887420654297e+00 1.849979639053344727e+00 nan 3.241214355468750000e+03 3.048596801757812500e+02
1.329489350318908691e+00 1.775681257247924805e+00 nan 3.217693359375000000e+03 3.048137817382812500e+02
1.473888397216796875e+00 1.421842098236083984e+00 nan 3.195082519531250000e+03 3.047270812988281250e+02
1.517384529113769531e+00 1.127980232238769531e+00 nan 3.173416992187500000e+03 3.045438842773437500e+02
1.573544859886169434e+00 1.144317507743835449e+00 nan 3.146645019531250000e+03 3.043207092285156250e+02
1.707352519035339355e+00 1.270985126495361328e+00 nan 3.119320800781250000e+03 3.041773986816406250e+02
1.824413180351257324e+00 1.378463268280029297e+00 nan 3.096939941406250000e+03 3.040702514648437500e+02
1.864358544349670410e+00 1.043825387954711914e+00 nan 3.073686523437500000e+03 3.038571166992187500e+02
1.819081544876098633e+00 9.749327301979064941e-01 nan 3.049501953125000000e+03 3.035572204589843750e+02
1.812600374221801758e+00 9.891044497489929199e-01 nan 3.025287109375000000e+03 3.033026123046875000e+02
1.866100549697875977e+00 9.057213068008422852e-01 nan 3.001996582031250000e+03 3.031098327636718750e+02
1.892032384872436523e+00 7.670116424560546875e-01 nan 2.979572753906250000e+03 3.028971862792968750e+02
1.948901176452636719e+00 nan nan 2.957665283203125000e+03 3.027193603515625000e+02
2.033584117889404297e+00 9.599774479866027832e-01 nan 2.936273437500000000e+03 3.025817260742187500e+02
2.143839836120605469e+00 1.031860351562500000e+00 nan 2.915431884765625000e+03 3.024791259765625000e+02
2.279292583465576172e+00 9.450016021728515625e-01 nan 2.895022460937500000e+03 3.024008483886718750e+02
2.393923282623291016e+00 8.869890570640563965e-01 nan 2.873608398437500000e+03 3.022864379882812500e+02
2.518154144287109375e+00 9.169069528579711914e-01 nan 2.850219238281250000e+03 3.021520080566406250e+02
2.637652397155761719e+00 9.171960949897766113e-01 nan 2.832140380859375000e+03 3.020724792480468750e+02
2.747917175292968750e+00 1.000124573707580566e+00 nan 2.814861328125000000e+03 3.019939270019531250e+02
2.941838741302490234e+00 1.018013119697570801e+00 nan 2.794321777343750000e+03 3.019671936035156250e+02
3.244239568710327148e+00 9.961115717887878418e-01 nan 2.768748291015625000e+03 3.020103454589843750e+02
3.388500213623046875e+00 1.030167341232299805e+00 nan 2.746984130859375000e+03 3.019698486328125000e+02
3.480904340744018555e+00 1.032729744911193848e+00 nan 2.726695312500000000e+03 3.018243103027343750e+02
3.657023429870605469e+00 1.035061597824096680e+00 nan 2.706584960937500000e+03 3.018141174316406250e+02
3.728148698806762695e+00 1.029101729393005371e+00 nan 2.686477050781250000e+03 3.016885986328125000e+02
3.763438701629638672e+00 1.026294350624084473e+00 nan 2.657853759765625000e+03 3.014544677734375000e+02
3.876082658767700195e+00 1.044580936431884766e+00 nan 2.635661376953125000e+03 3.013028564453125000e+02
4.011451721191406250e+00 1.027820706367492676e+00 nan 2.616114257812500000e+03 3.012218017578125000e+02
4.146615505218505859e+00 1.040476560592651367e+00 nan 2.596548339843750000e+03 3.011645812988281250e+02
4.255470275878906250e+00 1.025289893150329590e+00 nan 2.576313964843750000e+03 3.010654907226562500e+02
4.296959400177001953e+00 1.104169249534606934e+00 nan 2.555602539062500000e+03 3.008932800292968750e+02
4.367709159851074219e+00 9.877883195877075195e-01 nan 2.534391601562500000e+03 3.007463073730468750e+02
4.444144248962402344e+00 1.088436365127563477e+00 nan 2.512989501953125000e+03 3.005967712402343750e+02
4.522988796234130859e+00 1.263397693634033203e+00 nan 2.491757080078125000e+03 3.004385070800781250e+02
4.614058017730712891e+00 1.303205370903015137e+00 nan 2.470690185546875000e+03 3.003065185546875000e+02
4.708060264587402344e+00 1.363414287567138672e+00 nan 2.450656738281250000e+03 3.002143859863281250e+02
4.847853660583496094e+00 1.679521918296813965e+00 nan 2.423694580078125000e+03 3.000862426757812500e+02
4.955560684204101562e+00 nan nan 2.403532226562500000e+03 2.999880371093750000e+02
4.998356342315673828e+00 1.525800466537475586e+00 nan 2.383639648437500000e+03 2.998254089355468750e+02
5.022444725036621094e+00 1.670137166976928711e+00 nan 2.363230224609375000e+03 2.996512451171875000e+02
5.045229911804199219e+00 1.851761221885681152e+00 nan 2.342215820312500000e+03 2.994624633789062500e+02
5.089082717895507812e+00 1.899561524391174316e+00 nan 2.320642822265625000e+03 2.992727355957031250e+02
5.175276279449462891e+00 1.964208245277404785e+00 nan 2.298604003906250000e+03 2.991168212890625000e+02
5.296297550201416016e+00 1.939090609550476074e+00 nan 2.277677978515625000e+03 2.990089416503906250e+02
5.428899765014648438e+00 1.975598573684692383e+00 nan 2.258248046875000000e+03 2.989480590820312500e+02
5.589087486267089844e+00 1.966848373413085938e+00 nan 2.235049804687500000e+03 2.988970947265625000e+02
5.725330352783203125e+00 1.859370708465576172e+00 nan 2.213943847656250000e+03 2.988338623046875000e+02
5.834527969360351562e+00 1.939554095268249512e+00 nan 2.193609375000000000e+03 2.987180786132812500e+02
5.910261154174804688e+00 1.961995363235473633e+00 nan 2.174806640625000000e+03 2.986375122070312500e+02
6.004151344299316406e+00 2.004855871200561523e+00 nan 2.155583984375000000e+03 2.985357971191406250e+02
6.140843391418457031e+00 2.039722681045532227e+00 nan 2.130536865234375000e+03 2.984364318847656250e+02
6.258372306823730469e+00 2.010401725769042969e+00 nan 2.108884033203125000e+03 2.983522338867187500e+02
6.381959915161132812e+00 2.037836790084838867e+00 nan 2.085909667968750000e+03 2.982474060058593750e+02
6.444270610809326172e+00 2.072846651077270508e+00 nan 2.061974609375000000e+03 2.981243896484375000e+02
6.533463001251220703e+00 2.059885025024414062e+00 nan 2.043832275390625000e+03 2.980321044921875000e+02
6.669432640075683594e+00 2.076926946640014648e+00 nan 2.019302978515625000e+03 2.979392089843750000e+02
6.801650047302246094e+00 1.953980088233947754e+00 nan 1.994857421875000000e+03 2.978427734375000000e+02
6.900062561035156250e+00 2.010678052902221680e+00 nan 1.975920654296875000e+03 2.977463989257812500e+02
7.003048419952392578e+00 2.013308763504028320e+00 nan 1.956779541015625000e+03 2.976388244628906250e+02
7.085571289062500000e+00 1.899351954460144043e+00 nan 1.932029296875000000e+03 2.974787902832031250e+02
7.149372100830078125e+00 1.705656886100769043e+00 nan 1.913661254882812500e+03 2.973586120605468750e+02
7.220539093017578125e+00 1.519698500633239746e+00 nan 1.895498535156250000e+03 2.972492980957031250e+02
7.333760738372802734e+00 1.379575014114379883e+00 nan 1.873416870117187500e+03 2.971711730957031250e+02
7.465044975280761719e+00 1.277288079261779785e+00 nan 1.853215576171875000e+03 2.971233520507812500e+02
7.544370174407958984e+00 1.225742340087890625e+00 nan 1.832425048828125000e+03 2.970082397460937500e+02
7.636835575103759766e+00 1.070116400718688965e+00 nan 1.808447753906250000e+03 2.968530883789062500e+02
7.728869438171386719e+00 1.030032992362976074e+00 nan 1.788982543945312500e+03 2.967310485839843750e+02
7.797805786132812500e+00 1.120545864105224609e+00 nan 1.769192382812500000e+03 2.966041259765625000e+02
7.851661205291748047e+00 1.062009215354919434e+00 nan 1.749176391601562500e+03 2.964519348144531250e+02
7.909013748168945312e+00 9.370474219322204590e-01 nan 1.728852661132812500e+03 2.963057250976562500e+02
8.015426635742187500e+00 9.975568652153015137e-01 nan 1.708329467773437500e+03 2.962078247070312500e+02
8.068956375122070312e+00 1.207851052284240723e+00 nan 1.694572509765625000e+03 2.961235961914062500e+02
8.065027236938476562e+00 1.819196224212646484e+00 nan 1.673869140625000000e+03 2.959047241210937500e+02
7.951077938079833984e+00 2.475707530975341797e+00 nan 1.653074340820312500e+03 2.955661621093750000e+02
7.975783348083496094e+00 2.243640899658203125e+00 nan 1.632248535156250000e+03 2.953757324218750000e+02
8.074060440063476562e+00 2.280551910400390625e+00 nan 1.611599121093750000e+03 2.952686462402343750e+02
8.197955131530761719e+00 2.367542505264282227e+00 nan 1.590681762695312500e+03 2.952025756835937500e+02
8.362353324890136719e+00 2.371426582336425781e+00 nan 1.569261474609375000e+03 2.951245117187500000e+02
8.460833549499511719e+00 2.612285375595092773e+00 nan 1.555902465820312500e+03 2.950808715820312500e+02
8.614520072937011719e+00 2.541514873504638672e+00 nan 1.538819580078125000e+03 2.950657348632812500e+02
8.821474075317382812e+00 2.580168724060058594e+00 nan 1.519291381835937500e+03 2.951068115234375000e+02
8.999143600463867188e+00 2.640835046768188477e+00 nan 1.499077392578125000e+03 2.950824890136718750e+02
9.136059761047363281e+00 2.664701461791992188e+00 nan 1.477614624023437500e+03 2.950375976562500000e+02
9.241175651550292969e+00 2.742405176162719727e+00 nan 1.456056640625000000e+03 2.949293823242187500e+02
9.312763214111328125e+00 2.756811141967773438e+00 nan 1.434613525390625000e+03 2.947859802246093750e+02
9.358838081359863281e+00 2.724346160888671875e+00 nan 1.419660888671875000e+03 2.946745605468750000e+02
9.414271354675292969e+00 2.900608539581298828e+00 nan 1.403813720703125000e+03 2.945571899414062500e+02
9.430053710937500000e+00 3.069611310958862305e+00 nan 1.382142333984375000e+03 2.943442382812500000e+02
9.439576148986816406e+00 3.482743978500366211e+00 nan 1.360320556640625000e+03 2.941416625976562500e+02
9.489414215087890625e+00 3.345157623291015625e+00 nan 1.338614257812500000e+03 2.939873046875000000e+02
9.671311378479003906e+00 3.465558528900146484e+00 nan 1.321770996093750000e+03 2.939960632324218750e+02
9.645902633666992188e+00 3.965376853942871094e+00 nan 1.304007324218750000e+03 2.937812500000000000e+02
9.684807777404785156e+00 4.059496879577636719e+00 nan 1.285910644531250000e+03 2.936343383789062500e+02
9.746093750000000000e+00 4.108532905578613281e+00 nan 1.267563964843750000e+03 2.935215148925781250e+02
9.868412971496582031e+00 4.079041481018066406e+00 nan 1.249168701171875000e+03 2.934346618652343750e+02
1.001202201843261719e+01 4.123991489410400391e+00 nan 1.230913085937500000e+03 2.934116210937500000e+02
1.009707832336425781e+01 3.923308849334716797e+00 nan 1.207705566406250000e+03 2.932973632812500000e+02
1.026976490020751953e+01 3.930331945419311523e+00 nan 1.191207519531250000e+03 2.932931213378906250e+02
1.042189407348632812e+01 3.358810901641845703e+00 nan 1.174568725585937500e+03 2.932744445800781250e+02
1.065198135375976562e+01 3.130697727203369141e+00 nan 1.152241821289062500e+03 2.932943725585937500e+02
1.079783916473388672e+01 3.388599634170532227e+00 nan 1.135587036132812500e+03 2.932769775390625000e+02
1.087024307250976562e+01 3.545475006103515625e+00 nan 1.119063720703125000e+03 2.931830444335937500e+02
1.102752876281738281e+01 3.269518136978149414e+00 nan 1.097652221679687500e+03 2.931395874023437500e+02
1.111231231689453125e+01 4.158727169036865234e+00 nan 1.081479858398437500e+03 2.930428771972656250e+02
1.112899112701416016e+01 4.422818183898925781e+00 nan 1.065527221679687500e+03 2.928745117187500000e+02
1.118499374389648438e+01 4.610292434692382812e+00 nan 1.046746826171875000e+03 2.927558593750000000e+02
1.124174594879150391e+01 4.698218822479248047e+00 nan 1.027756713867187500e+03 2.926397399902343750e+02
1.137798118591308594e+01 4.644620418548583984e+00 nan 1.010750549316406250e+03 2.926094970703125000e+02
1.159840774536132812e+01 4.275664329528808594e+00 nan 9.919334106445312500e+02 2.926278076171875000e+02
1.178511238098144531e+01 3.721338987350463867e+00 nan 9.726439819335937500e+02 2.926297607421875000e+02
1.199355602264404297e+01 3.700468778610229492e+00 nan 9.445029296875000000e+02 2.925874023437500000e+02
1.206900310516357422e+01 4.298664093017578125e+00 nan 9.235567626953125000e+02 2.925516662597656250e+02
1.222584915161132812e+01 4.439575195312500000e+00 nan 9.167363891601562500e+02 2.925289001464843750e+02
1.231705665588378906e+01 4.474670410156250000e+00 nan 9.142460327148437500e+02 2.925017700195312500e+02
1.275063705444335938e+01 4.541411399841308594e+00 nan 8.716928710937500000e+02 2.926891479492187500e+02
1.294424438476562500e+01 4.611154556274414062e+00 nan 8.538059692382812500e+02 2.927244262695312500e+02
1.303663635253906250e+01 4.596776485443115234e+00 nan 8.367764892578125000e+02 2.926398315429687500e+02
1.315462112426757812e+01 4.132732391357421875e+00 nan 8.195853271484375000e+02 2.925294799804687500e+02
1.325672054290771484e+01 4.029029846191406250e+00 nan 8.051301879882812500e+02 2.925173645019531250e+02
1.339371299743652344e+01 3.465404033660888672e+00 nan 7.855345458984375000e+02 2.924503479003906250e+02
1.353097152709960938e+01 4.049511909484863281e+00 nan 7.680361328125000000e+02 2.924118957519531250e+02
1.368720626831054688e+01 3.815147876739501953e+00 nan 7.528803100585937500e+02 2.924001464843750000e+02
1.386910247802734375e+01 3.384020328521728516e+00 nan 7.382683105468750000e+02 2.924612121582031250e+02
1.405330371856689453e+01 3.566619396209716797e+00 nan 7.212808227539062500e+02 2.924559020996093750e+02
1.422186946868896484e+01 3.294389724731445312e+00 nan 6.949144287109375000e+02 2.924206542968750000e+02
1.432771682739257812e+01 3.153200149536132812e+00 nan 6.691488037109375000e+02 2.923150634765625000e+02
1.445388603210449219e+01 2.914891719818115234e+00 nan 6.545968017578125000e+02 2.923001098632812500e+02
1.454306411743164062e+01 2.820972919464111328e+00 nan 6.367008666992187500e+02 2.921986999511718750e+02
1.474971389770507812e+01 2.896034717559814453e+00 nan 6.186354980468750000e+02 2.922151489257812500e+02
1.503325653076171875e+01 2.766362905502319336e+00 nan 6.037886352539062500e+02 2.923596801757812500e+02
1.514516925811767578e+01 2.687973499298095703e+00 nan 5.889460449218750000e+02 2.923134155273437500e+02
1.519975471496582031e+01 2.997343778610229492e+00 nan 5.719154052734375000e+02 2.921680908203125000e+02
1.535750770568847656e+01 2.739095211029052734e+00 nan 5.561721191406250000e+02 2.921451721191406250e+02
1.556370735168457031e+01 2.699864387512207031e+00 nan 5.389743652343750000e+02 2.921840209960937500e+02
1.572740840911865234e+01 3.007571220397949219e+00 nan 5.221149902343750000e+02 2.922085876464843750e+02
1.557333564758300781e+01 3.092328310012817383e+00 nan 5.050775146484375000e+02 2.918316040039062500e+02
1.574229049682617188e+01 3.127918720245361328e+00 nan 4.854188537597656250e+02 2.918338012695312500e+02
1.611347961425781250e+01 3.048605680465698242e+00 nan 4.655285034179687500e+02 2.919965209960937500e+02
1.631119346618652344e+01 2.674685955047607422e+00 nan 4.523303527832031250e+02 2.920848083496093750e+02
1.624593734741210938e+01 2.712827682495117188e+00 nan 4.344615173339843750e+02 2.918539428710937500e+02
1.590569019317626953e+01 3.148930072784423828e+00 nan 4.154136352539062500e+02 2.913419799804687500e+02
1.570706748962402344e+01 3.286000967025756836e+00 nan 3.961733398437500000e+02 2.909580993652343750e+02
1.597409057617187500e+01 2.938336372375488281e+00 nan 3.809502563476562500e+02 2.910662231445312500e+02
1.605431365966796875e+01 3.148242235183715820e+00 nan 3.663463439941406250e+02 2.910168457031250000e+02
1.626441574096679688e+01 3.090208768844604492e+00 nan 3.482759094238281250e+02 2.910088500976562500e+02
1.645107269287109375e+01 2.957952499389648438e+00 nan 3.299512329101562500e+02 2.910174560546875000e+02
1.656664848327636719e+01 2.985421895980834961e+00 nan 3.145696105957031250e+02 2.910049133300781250e+02
1.667937088012695312e+01 3.188851833343505859e+00 nan 2.971308898925781250e+02 2.909068603515625000e+02
1.673851776123046875e+01 3.790520191192626953e+00 nan 2.785781860351562500e+02 2.908239135742187500e+02
1.683425140380859375e+01 3.686832904815673828e+00 nan 2.621960449218750000e+02 2.907378540039062500e+02
1.683847618103027344e+01 4.367825031280517578e+00 nan 2.438189849853515625e+02 2.905734863281250000e+02
1.684288597106933594e+01 4.283243179321289062e+00 nan 2.273939971923828125e+02 2.904266357421875000e+02
1.695285224914550781e+01 4.812217235565185547e+00 nan 2.095772247314453125e+02 2.903417968750000000e+02
1.717839813232421875e+01 4.536484241485595703e+00 nan 1.944554138183593750e+02 2.904136962890625000e+02
1.727164268493652344e+01 4.212927818298339844e+00 nan 1.777099609375000000e+02 2.903519287109375000e+02
1.741444969177246094e+01 4.252126693725585938e+00 nan 1.600415954589843750e+02 2.903269042968750000e+02
1.752507781982421875e+01 3.979772090911865234e+00 nan 1.431317443847656250e+02 2.902758789062500000e+02
1.766351127624511719e+01 4.236089706420898438e+00 nan 1.261250762939453125e+02 2.902105102539062500e+02
