nan nan nan nan nan
nan nan nan nan nan
nan nan nan nan nan
nan nan nan nan nan
nan nan nan nan nan
nan nan nan nan nan
nan nan nan nan nan
nan nan nan nan nan
nan nan nan nan nan
nan nan nan nan nan
nan nan nan nan nan
nan nan nan nan nan
nan nan nan nan nan
nan nan nan nan nan
nan nan nan nan nan
nan nan nan nan nan
nan nan nan nan nan
nan nan nan nan nan
nan nan nan nan nan
nan nan nan nan nan
nan nan nan nan nan
nan nan nan nan nan
nan nan nan nan nan
nan nan nan nan nan
nan nan nan nan nan
nan nan nan nan nan
nan nan nan nan nan
nan nan nan nan nan
nan nan nan nan nan
nan nan nan nan nan
nan nan nan nan nan
nan nan nan nan nan
nan nan nan nan nan
-1.821170234680175781e+01 2.877258658409118652e-01 nan 6.272835937500000000e+03 3.168317871093750000e+02
-1.793179893493652344e+01 2.955439984798431396e-01 nan 6.249020996093750000e+03 3.168482360839843750e+02
-1.770438385009765625e+01 2.980025410652160645e-01 nan 6.212675781250000000e+03 3.167715454101562500e+02
-1.743627929687500000e+01 3.003731369972229004e-01 nan 6.178977050781250000e+03 3.166692810058593750e+02
-1.721290206909179688e+01 2.863075137138366699e-01 nan 6.149688476562500000e+03 3.165794067382812500e+02
-1.696853256225585938e+01 2.615920603275299072e-01 nan 6.119428222656250000e+03 3.165348205566406250e+02
-1.668337249755859375e+01 2.489919066429138184e-01 nan 6.087426757812500000e+03 3.165001220703125000e+02
-1.633298110961914062e+01 2.480976581573486328e-01 nan 6.055200683593750000e+03 3.164948730468750000e+02
-1.605435752868652344e+01 2.445272058248519897e-01 nan 6.022183105468750000e+03 3.164824523925781250e+02
-1.581590843200683594e+01 2.406678795814514160e-01 nan 5.989381347656250000e+03 3.164135131835937500e+02
-1.560777091979980469e+01 2.431457936763763428e-01 nan 5.968337890625000000e+03 3.163693237304687500e+02
-1.519435691833496094e+01 2.454131394624710083e-01 nan 5.939214843750000000e+03 3.164989318847656250e+02
-1.485262870788574219e+01 2.418648004531860352e-01 nan 5.903060058593750000e+03 3.164923095703125000e+02
-1.456274604797363281e+01 2.393152564764022827e-01 nan 5.871017578125000000e+03 3.164844970703125000e+02
-1.426185512542724609e+01 2.371203601360321045e-01 nan 5.839562011718750000e+03 3.164724731445312500e+02
-1.396698856353759766e+01 2.355759292840957642e-01 nan 5.808886718750000000e+03 3.164678955078125000e+02
-1.369541835784912109e+01 2.333872169256210327e-01 nan 5.781974121093750000e+03 3.164647827148437500e+02
-1.339774322509765625e+01 2.312709987163543701e-01 nan 5.749875488281250000e+03 3.164544067382812500e+02
-1.312101268768310547e+01 2.298250049352645874e-01 nan 5.718243652343750000e+03 3.164255676269531250e+02
-1.284341526031494141e+01 2.249641567468643188e-01 nan 5.690715332031250000e+03 3.164254455566406250e+02
-1.259664916992187500e+01 2.170033305883407593e-01 nan 5.661015625000000000e+03 3.163700256347656250e+02
-1.250947666168212891e+01 1.796452552080154419e-01 nan 5.629779785156250000e+03 3.161183166503906250e+02
-1.248393344879150391e+01 1.697035729885101318e-01 nan 5.599087402343750000e+03 3.157724304199218750e+02
-1.239056777954101562e+01 1.929477304220199585e-01 nan 5.568255859375000000e+03 3.155270080566406250e+02
-1.225454616546630859e+01 1.777319759130477905e-01 nan 5.536832519531250000e+03 3.153431396484375000e+02
-1.239293575286865234e+01 1.695062816143035889e-01 nan 5.511172363281250000e+03 3.148486328125000000e+02
-1.265436172485351562e+01 4.320491552352905273e-01 nan 5.485881835937500000e+03 3.142247924804687500e+02
-1.261843109130859375e+01 6.515739560127258301e-01 nan 5.454976562500000000e+03 3.139089965820312500e+02
-1.241578006744384766e+01 6.709799766540527344e-01 nan 5.423117187500000000e+03 3.137885742187500000e+02
-1.220220947265625000e+01 7.018669247627258301e-01 nan 5.390829589843750000e+03 3.136703491210937500e+02
-1.199851799011230469e+01 7.656002640724182129e-01 nan 5.359424804687500000e+03 3.135395507812500000e+02
-1.176152801513671875e+01 7.777537107467651367e-01 nan 5.330070312500000000e+03 3.134845886230468750e+02
-1.153579998016357422e+01 8.397989869117736816e-01 nan 5.302824218750000000e+03 3.134384460449218750e+02
-1.123287200927734375e+01 7.228645086288452148e-01 nan 5.275341308593750000e+03 3.134866333007812500e+02
-1.091352939605712891e+01 5.287293195724487305e-01 nan 5.245105468750000000e+03 3.135022277832031250e+02
-1.064938545227050781e+01 3.852651715278625488e-01 nan 5.216183593750000000e+03 3.134761352539062500e+02
-1.059191989898681641e+01 2.744481563568115234e-01 nan 5.191280273437500000e+03 3.132660522460937500e+02
-1.059314918518066406e+01 2.591900229454040527e-01 nan 5.166327148437500000e+03 3.129729614257812500e+02
-1.066664218902587891e+01 3.941603302955627441e-01 nan 5.136858886718750000e+03 3.125120849609375000e+02
-1.055156040191650391e+01 6.087464094161987305e-01 nan 5.104387695312500000e+03 3.123013000488281250e+02
-1.037921905517578125e+01 6.593496799468994141e-01 nan 5.078975585937500000e+03 3.122114257812500000e+02
-1.016108131408691406e+01 6.834977865219116211e-01 nan 5.050750488281250000e+03 3.121563720703125000e+02
-9.863777160644531250e+00 6.856520175933837891e-01 nan 5.020628906250000000e+03 3.121426696777343750e+02
-9.560051918029785156e+00 6.086027622222900391e-01 nan 4.992541015625000000e+03 3.121630249023437500e+02
-9.393748283386230469e+00 4.954839944839477539e-01 nan 4.964720703125000000e+03 3.120510864257812500e+02
-9.289932250976562500e+00 4.840513169765472412e-01 nan 4.940264648437500000e+03 3.119061889648437500e+02
-9.235245704650878906e+00 4.956220388412475586e-01 nan 4.915160156250000000e+03 3.116771545410156250e+02
-9.176424980163574219e+00 5.807573795318603516e-01 nan 4.885104980468750000e+03 3.114026184082031250e+02
-8.971097946166992188e+00 6.089967489242553711e-01 nan 4.857068847656250000e+03 3.113173217773437500e+02
-8.752177238464355469e+00 6.357031464576721191e-01 nan 4.829847167968750000e+03 3.112490539550781250e+02
-8.560547828674316406e+00 6.532674431800842285e-01 nan 4.802004882812500000e+03 3.111718139648437500e+02
-8.406250953674316406e+00 6.341632008552551270e-01 nan 4.773662597656250000e+03 3.110305786132812500e+02
-8.308307647705078125e+00 7.183268666267395020e-01 nan 4.746123535156250000e+03 3.108255615234375000e+02
-8.053716659545898438e+00 8.128527998924255371e-01 nan 4.718914550781250000e+03 3.108034667968750000e+02
-7.753086090087890625e+00 6.707304716110229492e-01 nan 4.689918945312500000e+03 3.108263244628906250e+02
-7.588622570037841797e+00 6.333128213882446289e-01 nan 4.664788085937500000e+03 3.107341918945312500e+02
-7.415005683898925781e+00 6.561232805252075195e-01 nan 4.638548339843750000e+03 3.106387329101562500e+02
-7.279396057128906250e+00 6.761153936386108398e-01 nan 4.612163574218750000e+03 3.104997253417968750e+02
-7.075588226318359375e+00 6.815159320831298828e-01 nan 4.585961914062500000e+03 3.104388427734375000e+02
-6.893928050994873047e+00 6.738470196723937988e-01 nan 4.560025390625000000e+03 3.103542480468750000e+02
-6.758159637451171875e+00 6.752873063087463379e-01 nan 4.534897460937500000e+03 3.102345886230468750e+02
-6.726857662200927734e+00 6.545344591140747070e-01 nan 4.506395996093750000e+03 3.099338989257812500e+02
-6.601420879364013672e+00 8.197020888328552246e-01 nan 4.476630371093750000e+03 3.097498474121093750e+02
-6.433896064758300781e+00 8.849935531616210938e-01 nan 4.451069335937500000e+03 3.096409606933593750e+02
-6.312441349029541016e+00 8.869131207466125488e-01 nan 4.429004394531250000e+03 3.094537658691406250e+02
-6.189184188842773438e+00 9.277174472808837891e-01 nan 4.405824218750000000e+03 3.093404541015625000e+02
-6.045792579650878906e+00 9.297237992286682129e-01 nan 4.376922851562500000e+03 3.092241210937500000e+02
-5.939099788665771484e+00 8.268041610717773438e-01 nan 4.343510742187500000e+03 3.090015869140625000e+02
-5.742787837982177734e+00 9.136715531349182129e-01 nan 4.309646484375000000e+03 3.090344543457031250e+02
-5.578988075256347656e+00 8.881843090057373047e-01 nan 4.281156250000000000e+03 3.089098510742187500e+02
-5.376828193664550781e+00 9.600243568420410156e-01 nan 4.252814941406250000e+03 3.088173522949218750e+02
-5.187795639038085938e+00 1.123155832290649414e+00 nan 4.224188476562500000e+03 3.087272949218750000e+02
-4.999627590179443359e+00 1.132961034774780273e+00 nan 4.194612304687500000e+03 3.087257080078125000e+02
-4.756577968597412109e+00 1.150156021118164062e+00 nan 4.163997070312500000e+03 3.086896972656250000e+02
-4.532965660095214844e+00 1.123297095298767090e+00 nan 4.138956542968750000e+03 3.086141967773437500e+02
-4.401770114898681641e+00 1.090031862258911133e+00 nan 4.114143066406250000e+03 3.084627685546875000e+02
-4.241043090820312500e+00 1.077723383903503418e+00 nan 4.089658691406250000e+03 3.083645019531250000e+02
-4.072501182556152344e+00 9.626299142837524414e-01 nan 4.071160644531250000e+03 3.083130798339843750e+02
-3.900477409362792969e+00 1.076709747314453125e+00 nan 4.052298583984375000e+03 3.082562561035156250e+02
-3.704339504241943359e+00 1.108223438262939453e+00 nan 4.026501220703125000e+03 3.081437683105468750e+02
-3.578776359558105469e+00 1.132572412490844727e+00 nan 4.000198486328125000e+03 3.079868774414062500e+02
-3.530634403228759766e+00 1.182816028594970703e+00 nan 3.980434326171875000e+03 3.077987976074218750e+02
-3.452852964401245117e+00 1.173380970954895020e+00 nan 3.960776367187500000e+03 3.076122436523437500e+02
-3.357890844345092773e+00 1.213270187377929688e+00 nan 3.934215087890625000e+03 3.073947143554687500e+02
-3.296108961105346680e+00 1.274100661277770996e+00 nan 3.913961425781250000e+03 3.072501831054687500e+02
-3.295712471008300781e+00 1.270367860794067383e+00 nan 3.893683593750000000e+03 3.070159301757812500e+02
-3.278350830078125000e+00 nan nan 3.866931884765625000e+03 3.067424316406250000e+02
-3.159841537475585938e+00 1.482060074806213379e+00 nan 3.840267578125000000e+03 3.065585021972656250e+02
-3.070884704589843750e+00 1.379259347915649414e+00 nan 3.813389648437500000e+03 3.063739624023437500e+02
-2.957039117813110352e+00 1.191940546035766602e+00 nan 3.786328125000000000e+03 3.062166137695312500e+02
-2.819531679153442383e+00 1.078583359718322754e+00 nan 3.765984130859375000e+03 3.061425476074218750e+02
-2.659042835235595703e+00 1.025601387023925781e+00 nan 3.745562988281250000e+03 3.060749511718750000e+02
-2.442042589187622070e+00 9.091950654983520508e-01 nan 3.718115478515625000e+03 3.060274658203125000e+02
-2.272964954376220703e+00 8.351345658302307129e-01 nan 3.690338134765625000e+03 3.059326477050781250e+02
-2.140451431274414062e+00 8.172574043273925781e-01 nan 3.669323242187500000e+03 3.058523864746093750e+02
-2.038221836090087891e+00 6.681646108627319336e-01 nan 3.648318847656250000e+03 3.057174072265625000e+02
-1.979131937026977539e+00 8.420053720474243164e-01 nan 3.620500488281250000e+03 3.054951171875000000e+02
-1.967798233032226562e+00 6.146427989006042480e-01 nan 3.593393066406250000e+03 3.052185668945312500e+02
-2.001461267471313477e+00 4.709377884864807129e-01 nan 3.567836425781250000e+03 3.049013671875000000e+02
-2.053290843963623047e+00 nan nan 3.544273437500000000e+03 3.045674133300781250e+02
-2.130899429321289062e+00 7.005327939987182617e-01 nan 3.522175537109375000e+03 3.042269287109375000e+02
-2.243456840515136719e+00 1.039116263389587402e+00 nan 3.501151367187500000e+03 3.038701477050781250e+02
-2.326918601989746094e+00 1.193297863006591797e+00 nan 3.476314697265625000e+03 3.035003051757812500e+02
-2.359946250915527344e+00 1.340028405189514160e+00 nan 3.451430419921875000e+03 3.031958007812500000e+02
-2.376920938491821289e+00 1.491849184036254883e+00 nan 3.431086669921875000e+03 3.029514770507812500e+02
-2.269202709197998047e+00 1.510464787483215332e+00 nan 3.407328125000000000e+03 3.028146667480468750e+02
-2.110450267791748047e+00 1.466716766357421875e+00 nan 3.383027099609375000e+03 3.027341918945312500e+02
-1.947605729103088379e+00 1.497737884521484375e+00 nan 3.359050781250000000e+03 3.026622619628906250e+02
-1.765468358993530273e+00 1.435094356536865234e+00 nan 3.335143066406250000e+03 3.026090698242187500e+02
-1.601187229156494141e+00 1.460960030555725098e+00 nan 3.310786621093750000e+03 3.025374145507812500e+02
-1.520801067352294922e+00 1.470434784889221191e+00 nan 3.286966552734375000e+03 3.023921813964843750e+02
-1.506702423095703125e+00 1.609866142272949219e+00 nan 3.262231201171875000e+03 3.021376037597656250e+02
-1.378410220146179199e+00 1.642120122909545898e+00 nan 3.238761474609375000e+03 3.020429687500000000e+02
-1.122064352035522461e+00 1.702010273933410645e+00 nan 3.214247314453125000e+03 3.020882568359375000e+02
-8.656809329986572266e-01 1.744229078292846680e+00 nan 3.190604980468750000e+03 3.021267700195312500e+02
-6.292543411254882812e-01 1.848434209823608398e+00 nan 3.169272460937500000e+03 3.021450195312500000e+02
-3.609934151172637939e-01 1.968422651290893555e+00 nan 3.144303710937500000e+03 3.021521606445312500e+02
-1.466486006975173950e-01 1.926896095275878906e+00 nan 3.124211914062500000e+03 3.021596069335937500e+02
5.106859654188156128e-02 1.947663307189941406e+00 nan 3.103352050781250000e+03 3.021667175292968750e+02
2.702886164188385010e-01 1.891149282455444336e+00 nan 3.082137695312500000e+03 3.021597900390625000e+02
4.555495083332061768e-01 1.789010763168334961e+00 nan 3.060955078125000000e+03 3.021345520019531250e+02
6.817591190338134766e-01 1.761975288391113281e+00 nan 3.032945312500000000e+03 3.020764770507812500e+02
8.290842771530151367e-01 1.733976006507873535e+00 nan 3.012347900390625000e+03 3.020274963378906250e+02
9.894990921020507812e-01 1.721819639205932617e+00 nan 2.992230957031250000e+03 3.019822998046875000e+02
1.190644145011901855e+00 1.723628282546997070e+00 nan 2.965614990234375000e+03 3.019218750000000000e+02
1.349181890487670898e+00 1.617159008979797363e+00 nan 2.945570556640625000e+03 3.018711547851562500e+02
1.485546469688415527e+00 1.782718300819396973e+00 nan 2.925439453125000000e+03 3.017976989746093750e+02
1.658359289169311523e+00 1.913012623786926270e+00 nan 2.899009765625000000e+03 3.016995239257812500e+02
1.818750858306884766e+00 1.863073110580444336e+00 nan 2.879593994140625000e+03 3.016615295410156250e+02
1.999218702316284180e+00 1.858890295028686523e+00 nan 2.860148437500000000e+03 3.016566772460937500e+02
2.218221664428710938e+00 2.102608680725097656e+00 nan 2.833548828125000000e+03 3.016216430664062500e+02
2.372042417526245117e+00 1.953111171722412109e+00 nan 2.812951660156250000e+03 3.015770263671875000e+02
2.558873653411865234e+00 1.895519495010375977e+00 nan 2.791735107421875000e+03 3.015271606445312500e+02
2.707588195800781250e+00 1.936131119728088379e+00 nan 2.770316894531250000e+03 3.014571228027343750e+02
2.827027559280395508e+00 1.812481641769409180e+00 nan 2.748914306640625000e+03 3.013493041992187500e+02
2.932599306106567383e+00 1.860211849212646484e+00 nan 2.727522705078125000e+03 3.012457580566406250e+02
3.056428432464599609e+00 2.016681909561157227e+00 nan 2.706098876953125000e+03 3.011492004394531250e+02
3.159061431884765625e+00 2.239804983139038086e+00 nan 2.684701904296875000e+03 3.010359191894531250e+02
3.288462162017822266e+00 2.272292137145996094e+00 nan 2.663270019531250000e+03 3.009601440429687500e+02
3.460711956024169922e+00 2.366464376449584961e+00 nan 2.634581542968750000e+03 3.008624877929687500e+02
3.609714031219482422e+00 2.388291120529174805e+00 nan 2.612956787109375000e+03 3.007980651855468750e+02
3.774296760559082031e+00 2.395519018173217773e+00 nan 2.591065917968750000e+03 3.007593688964843750e+02
3.973674058914184570e+00 2.358914136886596680e+00 nan 2.568629882812500000e+03 3.007414855957031250e+02
4.183574676513671875e+00 2.346570014953613281e+00 nan 2.545121093750000000e+03 3.007404785156250000e+02
4.409650325775146484e+00 2.229711771011352539e+00 nan 2.520695312500000000e+03 3.007144470214843750e+02
4.537317276000976562e+00 2.079675912857055664e+00 nan 2.503981201171875000e+03 3.006675415039062500e+02
4.626858234405517578e+00 2.024790287017822266e+00 nan 2.487006347656250000e+03 3.005847167968750000e+02
4.759313583374023438e+00 2.120815753936767578e+00 nan 2.461364257812500000e+03 3.004666748046875000e+02
4.913505077362060547e+00 2.263187646865844727e+00 nan 2.435423583984375000e+03 3.003505554199218750e+02
4.984545230865478516e+00 2.417385816574096680e+00 nan 2.417918212890625000e+03 3.002416687011718750e+02
5.043468952178955078e+00 2.492848634719848633e+00 nan 2.400253906250000000e+03 3.001179504394531250e+02
5.088712215423583984e+00 2.504445075988769531e+00 nan 2.382389160156250000e+03 2.999820556640625000e+02
5.107575893402099609e+00 2.305338382720947266e+00 nan 2.355532226562500000e+03 2.997261352539062500e+02
5.136056423187255859e+00 2.183206081390380859e+00 nan 2.329170654296875000e+03 2.994536437988281250e+02
5.205863475799560547e+00 2.323539018630981445e+00 nan 2.312275878906250000e+03 2.993472290039062500e+02
5.341846466064453125e+00 2.053280830383300781e+00 nan 2.295767822265625000e+03 2.993233337402343750e+02
5.580838203430175781e+00 1.781141757965087891e+00 nan 2.271953125000000000e+03 2.993357543945312500e+02
5.795923709869384766e+00 nan nan 2.248828857421875000e+03 2.993200073242187500e+02
5.923439502716064453e+00 nan nan 2.233806884765625000e+03 2.993090820312500000e+02
6.122741699218750000e+00 1.577186822891235352e+00 nan 2.211783203125000000e+03 2.992640075683593750e+02
6.251090049743652344e+00 1.414968729019165039e+00 nan 2.190327880859375000e+03 2.991629638671875000e+02
6.307946205139160156e+00 1.151640415191650391e+00 nan 2.170059570312500000e+03 2.990285034179687500e+02
6.347662448883056641e+00 9.443355798721313477e-01 nan 2.144182617187500000e+03 2.988299865722656250e+02
6.361156463623046875e+00 1.107725024223327637e+00 nan 2.125108642578125000e+03 2.986496582031250000e+02
6.419166564941406250e+00 9.004520177841186523e-01 nan 2.106160644531250000e+03 2.985127563476562500e+02
6.609463214874267578e+00 8.643815517425537109e-01 nan 2.080749755859375000e+03 2.984603881835937500e+02
6.738108158111572266e+00 7.934522628784179688e-01 nan 2.061461914062500000e+03 2.984022521972656250e+02
6.853023529052734375e+00 6.535061597824096680e-01 nan 2.042052734375000000e+03 2.983090820312500000e+02
6.998065948486328125e+00 5.649036169052124023e-01 nan 2.022798583984375000e+03 2.982655334472656250e+02
7.165885925292968750e+00 5.846272706985473633e-01 nan 2.003973876953125000e+03 2.982371215820312500e+02
7.305809020996093750e+00 5.679750442504882812e-01 nan 1.979080322265625000e+03 2.981414184570312500e+02
7.404565811157226562e+00 5.569289922714233398e-01 nan 1.953714599609375000e+03 2.980126953125000000e+02
7.523365497589111328e+00 6.154325604438781738e-01 nan 1.933882568359375000e+03 2.979417724609375000e+02
7.623200893402099609e+00 6.445541381835937500e-01 nan 1.920035522460937500e+03 2.978982849121093750e+02
7.744780540466308594e+00 6.336857080459594727e-01 nan 1.898076416015625000e+03 2.978242797851562500e+02
7.758095741271972656e+00 5.779923796653747559e-01 nan 1.875356567382812500e+03 2.976089477539062500e+02
7.741225242614746094e+00 4.571048915386199951e-01 nan 1.860111206054687500e+03 2.973896179199218750e+02
7.726280212402343750e+00 4.666488766670227051e-01 nan 1.845025878906250000e+03 2.971907653808593750e+02
7.674187183380126953e+00 5.209922194480895996e-01 nan 1.822842285156250000e+03 2.969349975585937500e+02
7.682996749877929688e+00 5.145775079727172852e-01 nan 1.801048706054687500e+03 2.967162780761718750e+02
7.577560901641845703e+00 nan nan 1.779978027343750000e+03 2.963942871093750000e+02
7.340494155883789062e+00 7.930918335914611816e-01 nan 1.757932373046875000e+03 2.959103393554687500e+02
7.083696842193603516e+00 1.797733306884765625e+00 nan 1.735941650390625000e+03 2.954143676757812500e+02
6.943315982818603516e+00 2.553872823715209961e+00 nan 1.713886840820312500e+03 2.950880432128906250e+02
6.909348011016845703e+00 2.491113901138305664e+00 nan 1.699247680664062500e+03 2.948663635253906250e+02
6.895085334777832031e+00 2.453790664672851562e+00 nan 1.684607055664062500e+03 2.946865844726562500e+02
6.993936538696289062e+00 2.390362262725830078e+00 nan 1.662621948242187500e+03 2.945854492187500000e+02
7.170001029968261719e+00 2.362846136093139648e+00 nan 1.640124755859375000e+03 2.945419616699218750e+02
7.298197269439697266e+00 2.351064205169677734e+00 nan 1.624611938476562500e+03 2.944963684082031250e+02
7.386727333068847656e+00 2.400905370712280273e+00 nan 1.608809570312500000e+03 2.944199523925781250e+02
7.444067955017089844e+00 2.384145259857177734e+00 nan 1.584926025390625000e+03 2.942530822753906250e+02
7.526235103607177734e+00 2.371321916580200195e+00 nan 1.561083984375000000e+03 2.940929870605468750e+02
7.569358348846435547e+00 2.401606798171997070e+00 nan 1.545285522460937500e+03 2.939656982421875000e+02
7.604689598083496094e+00 2.347400665283203125e+00 nan 1.521534179687500000e+03 2.937876586914062500e+02
7.618605136871337891e+00 2.351935625076293945e+00 nan 1.497340942382812500e+03 2.935511169433593750e+02
7.554222583770751953e+00 2.417682409286499023e+00 nan 1.480702514648437500e+03 2.933165893554687500e+02
7.450644969940185547e+00 2.394594192504882812e+00 nan 1.463976318359375000e+03 2.930411987304687500e+02
7.280293941497802734e+00 2.350234270095825195e+00 nan 1.447230346679687500e+03 2.926978454589843750e+02
7.085079193115234375e+00 2.329220533370971680e+00 nan 1.430540039062500000e+03 2.923498535156250000e+02
7.042279243469238281e+00 2.253451108932495117e+00 nan 1.413949707031250000e+03 2.921310119628906250e+02
7.015649318695068359e+00 2.136570930480957031e+00 nan 1.389026611328125000e+03 2.918438720703125000e+02
7.071159839630126953e+00 2.107805013656616211e+00 nan 1.363800048828125000e+03 2.916747131347656250e+02
7.145801544189453125e+00 2.132100105285644531e+00 nan 1.346746215820312500e+03 2.915505371093750000e+02
7.153638362884521484e+00 2.113610029220581055e+00 nan 1.329454101562500000e+03 2.914024963378906250e+02
7.160737991333007812e+00 2.175239086151123047e+00 nan 1.312104003906250000e+03 2.912088928222656250e+02
7.122222900390625000e+00 2.124990701675415039e+00 nan 1.294805419921875000e+03 2.909766540527343750e+02
7.095930099487304688e+00 2.056210041046142578e+00 nan 1.277473999023437500e+03 2.907630004882812500e+02
7.061479091644287109e+00 2.033880949020385742e+00 nan 1.259939575195312500e+03 2.905960388183593750e+02
7.092329978942871094e+00 1.967434763908386230e+00 nan 1.241922485351562500e+03 2.904253234863281250e+02
7.034105777740478516e+00 2.088028669357299805e+00 nan 1.223690551757812500e+03 2.901755676269531250e+02
6.843738555908203125e+00 2.071096658706665039e+00 nan 1.205635009765625000e+03 2.897941589355468750e+02
6.570648193359375000e+00 1.948784112930297852e+00 nan 1.188139892578125000e+03 2.893079833984375000e+02
5.962353706359863281e+00 1.801308989524841309e+00 nan 1.171431274414062500e+03 2.884897460937500000e+02
5.411983966827392578e+00 2.172007799148559570e+00 nan 1.155548461914062500e+03 2.877375183105468750e+02
5.173546791076660156e+00 2.674010276794433594e+00 nan 1.133237792968750000e+03 2.872815551757812500e+02
4.962440013885498047e+00 2.989493131637573242e+00 nan 1.112119995117187500e+03 2.869046936035156250e+02
5.023515701293945312e+00 3.191840171813964844e+00 nan 1.092075195312500000e+03 2.867606201171875000e+02
5.076804637908935547e+00 3.147122859954833984e+00 nan 1.072352783203125000e+03 2.865884399414062500e+02
4.993257999420166016e+00 3.292536497116088867e+00 nan 1.059435424804687500e+03 2.863459777832031250e+02
4.813953399658203125e+00 3.434350013732910156e+00 nan 1.047020385742187500e+03 2.860194702148437500e+02
4.459085941314697266e+00 3.975302696228027344e+00 nan 1.030348510742187500e+03 2.854808349609375000e+02
4.118442535400390625e+00 4.334603786468505859e+00 nan 1.011690185546875000e+03 2.849516601562500000e+02
4.035130023956298828e+00 4.745197296142578125e+00 nan 9.922145385742187500e+02 2.846884765625000000e+02
4.139973163604736328e+00 4.792886734008789062e+00 nan 9.714150390625000000e+02 2.846290283203125000e+02
4.359674453735351562e+00 4.800144195556640625e+00 nan 9.513123779296875000e+02 2.846776733398437500e+02
4.718968868255615234e+00 4.746777057647705078e+00 nan 9.267338256835937500e+02 2.848246765136718750e+02
4.863001346588134766e+00 4.739306449890136719e+00 nan 9.066782226562500000e+02 2.848473815917968750e+02
5.074357509613037109e+00 4.800373554229736328e+00 nan 8.831560668945312500e+02 2.848631286621093750e+02
5.311934947967529297e+00 4.807921409606933594e+00 nan 8.695354614257812500e+02 2.848725585937500000e+02
5.525800704956054688e+00 4.801078796386718750e+00 nan 8.550726928710937500e+02 2.848749084472656250e+02
nan nan nan nan nan
5.790663719177246094e+00 4.781689643859863281e+00 nan 8.318558959960937500e+02 2.849201049804687500e+02
5.939920902252197266e+00 4.782553672790527344e+00 nan 8.074398803710937500e+02 2.849194335937500000e+02
6.182989597320556641e+00 4.793841361999511719e+00 nan 7.907337646484375000e+02 2.849316101074218750e+02
6.387061595916748047e+00 4.794190883636474609e+00 nan 7.739089965820312500e+02 2.848922119140625000e+02
nan nan nan nan nan
6.619676113128662109e+00 4.787259101867675781e+00 nan 7.485429687500000000e+02 2.848433532714843750e+02
6.841456413269042969e+00 4.795439720153808594e+00 nan 7.233273315429687500e+02 2.848305969238281250e+02
7.042735099792480469e+00 4.759340286254882812e+00 nan 6.981330566406250000e+02 2.848626098632812500e+02
nan nan nan nan nan
7.328411102294921875e+00 4.766618728637695312e+00 nan 6.730227661132812500e+02 2.848930358886718750e+02
7.522812366485595703e+00 4.733258247375488281e+00 nan 6.564111938476562500e+02 2.848763427734375000e+02
7.630837917327880859e+00 4.775072574615478516e+00 nan 6.401106567382812500e+02 2.848443908691406250e+02
7.798477172851562500e+00 4.743870735168457031e+00 nan 6.165000610351562500e+02 2.848244323730468750e+02
7.889793872833251953e+00 4.718440055847167969e+00 nan 5.938469238281250000e+02 2.848035583496093750e+02
8.027400970458984375e+00 4.712753295898437500e+00 nan 5.790035400390625000e+02 2.847460632324218750e+02
8.255457878112792969e+00 4.704068183898925781e+00 nan 5.643715820312500000e+02 2.847449645996093750e+02
8.501167297363281250e+00 4.721980571746826172e+00 nan 5.429375000000000000e+02 2.848129577636718750e+02
8.624464988708496094e+00 4.763406753540039062e+00 nan 5.224963378906250000e+02 2.848240966796875000e+02
8.821495056152343750e+00 4.721821784973144531e+00 nan 5.092219238281250000e+02 2.848317260742187500e+02
9.003490447998046875e+00 4.682585239410400391e+00 nan 4.892092590332031250e+02 2.848723754882812500e+02
9.252199172973632812e+00 4.683852672576904297e+00 nan 4.685920104980468750e+02 2.849451904296875000e+02
9.467318534851074219e+00 4.685713291168212891e+00 nan 4.541019287109375000e+02 2.849390869140625000e+02
9.685893058776855469e+00 4.686775207519531250e+00 nan 4.391361083984375000e+02 2.849842224121093750e+02
9.838545799255371094e+00 4.759038448333740234e+00 nan 4.233834838867187500e+02 2.850038452148437500e+02
9.955734252929687500e+00 4.657661914825439453e+00 nan 4.068003540039062500e+02 2.849878845214843750e+02
1.010884666442871094e+01 4.676434516906738281e+00 nan 3.812230834960937500e+02 2.849664916992187500e+02
nan nan nan nan nan
1.034271717071533203e+01 4.696348667144775391e+00 nan 3.552189331054687500e+02 2.849263000488281250e+02
1.057144927978515625e+01 4.661326408386230469e+00 nan 3.378807373046875000e+02 2.848974609375000000e+02
1.075094032287597656e+01 4.680516242980957031e+00 nan 3.209673156738281250e+02 2.848847656250000000e+02
nan nan nan nan nan
1.091760253906250000e+01 4.744271278381347656e+00 nan 2.967852783203125000e+02 2.848425292968750000e+02
1.116071701049804688e+01 4.700741767883300781e+00 nan 2.734507141113281250e+02 2.848305053710937500e+02
1.124862194061279297e+01 4.739981651306152344e+00 nan 2.587860717773437500e+02 2.847951965332031250e+02
1.138256168365478516e+01 4.714088439941406250e+00 nan 2.449600524902343750e+02 2.847832946777343750e+02
1.152149009704589844e+01 4.637691974639892578e+00 nan 2.318026428222656250e+02 2.847503967285156250e+02
1.166897201538085938e+01 4.640649795532226562e+00 nan 2.197261810302734375e+02 2.847568054199218750e+02
1.183020591735839844e+01 4.698399066925048828e+00 nan 2.037372283935546875e+02 2.847500610351562500e+02
1.189361190795898438e+01 4.716844558715820312e+00 nan 1.764632873535156250e+02 2.846706542968750000e+02
1.227790927886962891e+01 4.756597518920898438e+00 nan 1.448314666748046875e+02 2.848292846679687500e+02
