nan nan nan nan nan
nan nan nan nan nan
nan nan nan nan nan
nan nan nan nan nan
nan nan nan nan nan
nan nan nan nan nan
nan nan nan nan nan
nan nan nan nan nan
nan nan nan nan nan
nan nan nan nan nan
nan nan nan nan nan
nan nan nan nan nan
nan nan nan nan nan
nan nan nan nan nan
nan nan nan nan nan
nan nan nan nan nan
nan nan nan nan nan
nan nan nan nan nan
nan nan nan nan nan
nan nan nan nan nan
nan nan nan nan nan
nan nan nan nan nan
nan nan nan nan nan
nan nan nan nan nan
nan nan nan nan nan
nan nan nan nan nan
nan nan nan nan nan
nan nan nan nan nan
nan nan nan nan nan
nan nan nan nan nan
nan nan nan nan nan
nan nan nan nan nan
nan nan nan nan nan
nan nan nan nan nan
nan nan nan nan nan
nan nan nan nan nan
nan nan nan nan nan
nan nan nan nan nan
nan nan nan nan nan
nan nan nan nan nan
nan nan nan nan nan
nan nan nan nan nan
nan nan nan nan nan
nan nan nan nan nan
nan nan nan nan nan
nan nan nan nan nan
nan nan nan nan nan
nan nan nan nan nan
nan nan nan nan nan
nan nan nan nan nan
nan nan nan nan nan
nan nan nan nan nan
nan nan nan nan nan
nan nan nan nan nan
nan nan nan nan nan
nan nan nan nan nan
nan nan nan nan nan
nan nan nan nan nan
nan nan nan nan nan
nan nan nan nan nan
nan nan nan nan nan
nan nan nan nan nan
nan nan nan nan nan
nan nan nan nan nan
nan nan nan nan nan
nan nan nan nan nan
nan nan nan nan nan
nan nan nan nan nan
nan nan nan nan nan
nan nan nan nan nan
nan nan nan nan nan
nan nan nan nan nan
nan nan nan nan nan
nan nan nan nan nan
nan nan nan nan nan
nan nan nan nan nan
nan nan nan nan nan
nan nan nan nan nan
nan nan nan nan nan
nan nan nan nan nan
nan nan nan nan nan
nan nan nan nan nan
nan nan nan nan nan
nan nan nan nan nan
nan nan nan nan nan
nan nan nan nan nan
nan nan nan nan nan
nan nan nan nan nan
nan nan nan nan nan
nan nan nan nan nan
nan nan nan nan nan
nan nan nan nan nan
nan nan nan nan nan
nan nan nan nan nan
nan nan nan nan nan
nan nan nan nan nan
nan nan nan nan nan
nan nan nan nan nan
nan nan nan nan nan
nan nan nan nan nan
nan nan nan nan nan
nan nan nan nan nan
nan nan nan nan nan
nan nan nan nan nan
nan nan nan nan nan
nan nan nan nan nan
nan nan nan nan nan
nan nan nan nan nan
nan nan nan nan nan
nan nan nan nan nan
nan nan nan nan nan
nan nan nan nan nan
nan nan nan nan nan
-4.861780643463134766e+00 7.246636748313903809e-01 nan -1.444212207031250000e+04 3.065070190429687500e+02
-4.745044231414794922e+00 7.926993966102600098e-01 nan 3.870762695312500000e+03 3.064356689453125000e+02
-4.683687686920166016e+00 8.015275001525878906e-01 nan 3.848360595703125000e+03 3.062563781738281250e+02
-4.664515495300292969e+00 8.465371727943420410e-01 nan 3.822009033203125000e+03 3.060114135742187500e+02
-4.794261932373046875e+00 7.319553494453430176e-01 nan 3.795415039062500000e+03 3.055572509765625000e+02
-4.759575366973876953e+00 7.602135539054870605e-01 nan 3.767872558593750000e+03 3.052842102050781250e+02
-4.680250644683837891e+00 4.169733822345733643e-01 nan 3.744700439453125000e+03 3.051178588867187500e+02
-4.570157527923583984e+00 3.308886885643005371e-01 nan 3.721249755859375000e+03 3.049807128906250000e+02
-4.489392280578613281e+00 2.770562767982482910e-01 nan 3.694408691406250000e+03 3.047838134765625000e+02
-4.486251354217529297e+00 9.309651255607604980e-01 nan 3.667485839843750000e+03 3.044872436523437500e+02
-4.606661796569824219e+00 1.268586874008178711e+00 nan 3.645228271484375000e+03 3.041127319335937500e+02
-4.558698654174804688e+00 1.134101748466491699e+00 nan 3.623661132812500000e+03 3.039339904785156250e+02
-4.401557445526123047e+00 1.254643082618713379e+00 nan 3.599061767578125000e+03 3.038571166992187500e+02
-4.136573314666748047e+00 1.392118692398071289e+00 nan 3.574218017578125000e+03 3.038786621093750000e+02
-3.902039051055908203e+00 1.277938961982727051e+00 nan 3.548721435546875000e+03 3.038587341308593750e+02
-3.750268220901489258e+00 1.111053943634033203e+00 nan 3.523021972656250000e+03 3.037341003417968750e+02
-3.657093048095703125e+00 1.094220399856567383e+00 nan 3.501723388671875000e+03 3.035942382812500000e+02
-3.661857604980468750e+00 5.432342886924743652e-01 nan 3.480693847656250000e+03 3.033353881835937500e+02
-3.547355890274047852e+00 4.622058868408203125e-01 nan 3.456286132812500000e+03 3.032126159667968750e+02
-3.353292465209960938e+00 4.361181557178497314e-01 nan 3.431992431640625000e+03 3.031595153808593750e+02
-3.073248147964477539e+00 4.479243159294128418e-01 nan 3.407334228515625000e+03 3.031969909667968750e+02
-2.810207128524780273e+00 4.896206855773925781e-01 nan 3.382512451171875000e+03 3.032156066894531250e+02
-2.794080018997192383e+00 7.025066614151000977e-01 nan 3.357821533203125000e+03 3.029678344726562500e+02
-2.500893831253051758e+00 6.814239621162414551e-01 nan 3.333749023437500000e+03 3.030362854003906250e+02
-2.352244853973388672e+00 7.377300262451171875e-01 nan 3.312784179687500000e+03 3.029655151367187500e+02
-2.148743629455566406e+00 7.676445245742797852e-01 nan 3.291673583984375000e+03 3.029537658691406250e+02
-1.993646621704101562e+00 6.107140779495239258e-01 nan 3.266465332031250000e+03 3.028570251464843750e+02
-1.795676350593566895e+00 5.956372022628784180e-01 nan 3.241070312500000000e+03 3.028047485351562500e+02
-1.593048334121704102e+00 6.016920804977416992e-01 nan 3.220889404296875000e+03 3.028113403320312500e+02
-1.388501763343811035e+00 6.068363189697265625e-01 nan 3.200436279296875000e+03 3.028152465820312500e+02
-1.185481548309326172e+00 6.155367493629455566e-01 nan 3.174898681640625000e+03 3.027729187011718750e+02
-1.031697392463684082e+00 5.810768604278564453e-01 nan 3.152455810546875000e+03 3.027030639648437500e+02
-8.700500726699829102e-01 5.202791690826416016e-01 nan 3.129180664062500000e+03 3.026276245117187500e+02
-7.872223854064941406e-01 6.084602475166320801e-01 nan 3.105990966796875000e+03 3.024649658203125000e+02
-7.933185696601867676e-01 8.225985765457153320e-01 nan 3.083844970703125000e+03 3.022169494628906250e+02
-7.442792057991027832e-01 8.145652413368225098e-01 nan 3.056806152343750000e+03 3.019825744628906250e+02
-6.020736694335937500e-01 8.535267710685729980e-01 nan 3.034305175781250000e+03 3.018919982910156250e+02
-5.365721583366394043e-01 9.623466730117797852e-01 nan 3.011996826171875000e+03 3.017655029296875000e+02
-5.540006160736083984e-01 9.991827011108398438e-01 nan 2.989590332031250000e+03 3.014603271484375000e+02
-4.916956424713134766e-01 1.181193947792053223e+00 nan 2.967516113281250000e+03 3.012918090820312500e+02
-5.002102851867675781e-01 1.467841625213623047e+00 nan 2.945955078125000000e+03 3.010574035644531250e+02
-5.176978707313537598e-01 1.056171774864196777e+00 nan 2.924636718750000000e+03 3.007835388183593750e+02
-4.108377397060394287e-01 1.381290674209594727e+00 nan 2.899659667968750000e+03 3.006630554199218750e+02
-2.029085457324981689e-01 1.381283402442932129e+00 nan 2.875628906250000000e+03 3.006348266601562500e+02
6.849608384072780609e-03 1.344141840934753418e+00 nan 2.851805664062500000e+03 3.006046142578125000e+02
1.867734789848327637e-01 1.345227003097534180e+00 nan 2.832012451171875000e+03 3.005933227539062500e+02
3.032314777374267578e-01 1.340686917304992676e+00 nan 2.812524414062500000e+03 3.005101928710937500e+02
3.818550407886505127e-01 1.113063097000122070e+00 nan 2.790443603515625000e+03 3.003646545410156250e+02
5.209115147590637207e-01 1.335197091102600098e+00 nan 2.768561279296875000e+03 3.002769165039062500e+02
6.595613360404968262e-01 1.328156948089599609e+00 nan 2.744942138671875000e+03 3.001614685058593750e+02
8.710107207298278809e-01 1.336523532867431641e+00 nan 2.721104492187500000e+03 3.001276245117187500e+02
1.021916866302490234e+00 1.514181733131408691e+00 nan 2.698666259765625000e+03 3.000555419921875000e+02
1.083930373191833496e+00 1.485073447227478027e+00 nan 2.676500488281250000e+03 2.998859252929687500e+02
1.209753632545471191e+00 1.577200889587402344e+00 nan 2.657352050781250000e+03 2.998161621093750000e+02
1.264360070228576660e+00 1.465992808341979980e+00 nan 2.637852050781250000e+03 2.996670532226562500e+02
1.352284789085388184e+00 1.364310979843139648e+00 nan 2.614603759765625000e+03 2.995137023925781250e+02
1.486377120018005371e+00 1.156167864799499512e+00 nan 2.591272460937500000e+03 2.994183654785156250e+02
1.544680953025817871e+00 8.732034564018249512e-01 nan 2.567801513671875000e+03 2.992484741210937500e+02
1.657793760299682617e+00 6.899186968803405762e-01 nan 2.544193359375000000e+03 2.991287841796875000e+02
1.791269063949584961e+00 6.128376126289367676e-01 nan 2.520613281250000000e+03 2.990228881835937500e+02
1.828168988227844238e+00 2.680866718292236328e-01 nan 2.500247314453125000e+03 2.988438415527343750e+02
1.755151271820068359e+00 1.982053369283676147e-01 nan 2.485271728515625000e+03 2.985987854003906250e+02
1.754436731338500977e+00 2.127843499183654785e-01 nan 2.460435058593750000e+03 2.983388061523437500e+02
1.855109214782714844e+00 2.143808901309967041e-01 nan 2.434872558593750000e+03 2.981716003417968750e+02
1.969228625297546387e+00 2.239367961883544922e-01 nan 2.416602783203125000e+03 2.980993347167968750e+02
2.040217161178588867e+00 2.208864986896514893e-01 nan 2.397839111328125000e+03 2.979676208496093750e+02
2.053300619125366211e+00 2.147023975849151611e-01 nan 2.379216064453125000e+03 2.977748107910156250e+02
2.006752967834472656e+00 2.439983785152435303e-01 nan 2.361326416015625000e+03 2.975298156738281250e+02
2.086421012878417969e+00 3.320706486701965332e-01 nan 2.337920654296875000e+03 2.973512268066406250e+02
2.237334489822387695e+00 3.349958360195159912e-01 nan 2.314254394531250000e+03 2.972832031250000000e+02
2.063132524490356445e+00 2.953884899616241455e-01 nan 2.293020263671875000e+03 2.968833618164062500e+02
-1.452899575233459473e+00 2.427346467971801758e+00 3.827928006649017334e-01 2.268443603515625000e+03 2.929303588867187500e+02
-6.682065129280090332e-01 1.610751152038574219e+00 4.041051268577575684e-01 2.257478759765625000e+03 2.935647583007812500e+02
-1.931586027145385742e+00 4.021878242492675781e+00 2.244088649749755859e-01 2.231910156250000000e+03 2.919636230468750000e+02
-1.804957866668701172e+00 4.137459278106689453e+00 2.430103868246078491e-01 2.207603271484375000e+03 2.917587280273437500e+02
-1.426646590232849121e+00 4.314166069030761719e+00 5.072913169860839844e-01 2.181589355468750000e+03 2.919871215820312500e+02
-1.308558225631713867e+00 4.037739276885986328e+00 1.360402405261993408e-01 2.163050292968750000e+03 2.919331054687500000e+02
-1.336457729339599609e+00 4.227659225463867188e+00 1.310529708862304688e-01 2.146186523437500000e+03 2.917151794433593750e+02
-1.212709546089172363e+00 4.269764423370361328e+00 1.069031283259391785e-01 2.129136230468750000e+03 2.916484985351562500e+02
-8.607460856437683105e-01 4.220128536224365234e+00 nan 2.112014648437500000e+03 2.917519531250000000e+02
-7.106623053550720215e-01 4.449765682220458984e+00 2.065332233905792236e-01 2.096125244140625000e+03 2.917550964355468750e+02
-6.214425563812255859e-01 4.391255378723144531e+00 nan 2.079232421875000000e+03 2.916255798339843750e+02
-4.545878171920776367e-01 4.375360488891601562e+00 nan 2.066154296875000000e+03 2.916056823730468750e+02
-2.755360603332519531e-01 4.405740261077880859e+00 nan 2.046653076171875000e+03 2.915325317382812500e+02
-1.635383665561676025e-01 4.486560821533203125e+00 nan 2.023076660156250000e+03 2.914724426269531250e+02
7.684621214866638184e-02 4.578894138336181641e+00 nan 2.002723144531250000e+03 2.914835815429687500e+02
1.159454584121704102e-01 4.546730041503906250e+00 nan 1.986362060546875000e+03 2.913544921875000000e+02
1.743065714836120605e-01 4.617558479309082031e+00 nan 1.966211914062500000e+03 2.912365722656250000e+02
4.395606517791748047e-01 4.675289630889892578e+00 nan 1.944904052734375000e+03 2.912696533203125000e+02
6.338521838188171387e-01 4.771072864532470703e+00 3.221775293350219727e-01 1.927717285156250000e+03 2.912979125976562500e+02
7.830658555030822754e-01 4.796664714813232422e+00 2.222124338150024414e-01 1.906905029296875000e+03 2.912380065917968750e+02
9.645131826400756836e-01 4.878092765808105469e+00 2.382128238677978516e-01 1.885905395507812500e+03 2.912156982421875000e+02
1.214159607887268066e+00 4.966369152069091797e+00 3.166893124580383301e-01 1.865111572265625000e+03 2.912582702636718750e+02
1.237563848495483398e+00 5.047399520874023438e+00 3.154781758785247803e-01 1.844710205078125000e+03 2.910871887207031250e+02
1.490597963333129883e+00 4.577215194702148438e+00 4.278548061847686768e-01 1.827410278320312500e+03 2.911854858398437500e+02
1.525476694107055664e+00 4.626506805419921875e+00 2.872841358184814453e-01 1.808971679687500000e+03 2.910068969726562500e+02
1.704819917678833008e+00 4.840200901031494141e+00 2.195113003253936768e-01 1.786406860351562500e+03 2.909788208007812500e+02
1.779592275619506836e+00 1.098877549171447754e+00 nan 1.768017944335937500e+03 2.908474426269531250e+02
1.916283488273620605e+00 5.080474376678466797e+00 2.578441500663757324e-01 1.749483886718750000e+03 2.908085632324218750e+02
2.067564725875854492e+00 5.195569992065429688e+00 1.986720114946365356e-01 1.727333251953125000e+03 2.907467956542968750e+02
2.197718381881713867e+00 5.211377143859863281e+00 2.265839874744415283e-01 1.708883422851562500e+03 2.906961364746093750e+02
2.306212902069091797e+00 5.197031021118164062e+00 1.855276525020599365e-01 1.690843750000000000e+03 2.906369323730468750e+02
2.418044090270996094e+00 5.191009521484375000e+00 2.017645239830017090e-01 1.672477294921875000e+03 2.905474853515625000e+02
2.444339036941528320e+00 5.355195045471191406e+00 1.663952022790908813e-01 1.654780029296875000e+03 2.904020080566406250e+02
2.617050170898437500e+00 5.361871719360351562e+00 1.107634752988815308e-01 1.632682983398437500e+03 2.903294372558593750e+02
2.870034694671630859e+00 5.394131660461425781e+00 1.531914770603179932e-01 1.608943847656250000e+03 2.903708496093750000e+02
2.959599733352661133e+00 5.395845413208007812e+00 1.420481055974960327e-01 1.589849365234375000e+03 2.902794799804687500e+02
3.000214576721191406e+00 5.365833282470703125e+00 1.586970388889312744e-01 1.571492919921875000e+03 2.901461486816406250e+02
3.114696979522705078e+00 5.472486495971679688e+00 9.521900862455368042e-02 1.552925781250000000e+03 2.900645751953125000e+02
3.255937576293945312e+00 5.491061210632324219e+00 6.852526962757110596e-02 1.534154785156250000e+03 2.900138549804687500e+02
3.423428297042846680e+00 5.365542411804199219e+00 nan 1.515922363281250000e+03 2.900166625976562500e+02
3.688543796539306641e+00 5.400096416473388672e+00 nan 1.497774658203125000e+03 2.900993041992187500e+02
3.896715641021728516e+00 5.448752403259277344e+00 nan 1.479551269531250000e+03 2.901375732421875000e+02
4.057145595550537109e+00 5.397979259490966797e+00 nan 1.460810546875000000e+03 2.901027221679687500e+02
4.164466857910156250e+00 5.504330635070800781e+00 nan 1.441785156250000000e+03 2.900280151367187500e+02
4.249772071838378906e+00 5.508264541625976562e+00 nan 1.423135986328125000e+03 2.899225463867187500e+02
4.405997276306152344e+00 5.569160938262939453e+00 nan 1.404129516601562500e+03 2.898917236328125000e+02
4.544234275817871094e+00 5.590800285339355469e+00 nan 1.385082763671875000e+03 2.898414306640625000e+02
4.715498924255371094e+00 5.574503898620605469e+00 nan 1.366067871093750000e+03 2.898314819335937500e+02
4.794249057769775391e+00 5.659422397613525391e+00 nan 1.346937500000000000e+03 2.897294311523437500e+02
4.824648857116699219e+00 5.625624656677246094e+00 nan 1.327801879882812500e+03 2.895598449707031250e+02
4.839840412139892578e+00 5.643906116485595703e+00 nan 1.308514526367187500e+03 2.893792419433593750e+02
4.915737152099609375e+00 5.644159317016601562e+00 nan 1.289254272460937500e+03 2.892584533691406250e+02
4.944481849670410156e+00 5.529946327209472656e+00 nan 1.270268554687500000e+03 2.890982666015625000e+02
4.877416610717773438e+00 5.419436454772949219e+00 nan 1.251087158203125000e+03 2.888426208496093750e+02
4.784351825714111328e+00 5.228151321411132812e+00 nan 1.231367919921875000e+03 2.885337524414062500e+02
4.681203842163085938e+00 5.209690093994140625e+00 nan 1.211695312500000000e+03 2.882359313964843750e+02
4.848929882049560547e+00 5.261088371276855469e+00 nan 1.192433105468750000e+03 2.882115783691406250e+02
4.808292388916015625e+00 5.136509895324707031e+00 nan 1.173560546875000000e+03 2.879832763671875000e+02
4.801029205322265625e+00 5.080588817596435547e+00 nan 1.150957519531250000e+03 2.877528076171875000e+02
4.702580451965332031e+00 5.247084617614746094e+00 nan 1.099294189453125000e+03 2.875560913085937500e+02
5.564485549926757812e+00 5.369611740112304688e+00 nan 1.092666015625000000e+03 2.882014160156250000e+02
4.859769344329833984e+00 5.376637935638427734e+00 nan 1.056657226562500000e+03 2.873330993652343750e+02
4.895235061645507812e+00 5.415129184722900391e+00 nan 1.038781494140625000e+03 2.871933593750000000e+02
4.918909549713134766e+00 5.472398281097412109e+00 nan 1.022540344238281250e+03 2.870069580078125000e+02
5.021942138671875000e+00 5.535887718200683594e+00 nan 1.006866577148437500e+03 2.869401855468750000e+02
5.283142566680908203e+00 5.463216781616210938e+00 nan 9.865186157226562500e+02 2.870210571289062500e+02
5.423681259155273438e+00 5.420433998107910156e+00 nan 9.686148681640625000e+02 2.870305786132812500e+02
5.772099971771240234e+00 5.412456989288330078e+00 nan 9.484545288085937500e+02 2.871429748535156250e+02
5.808414936065673828e+00 5.412066459655761719e+00 nan 9.451351318359375000e+02 2.871004028320312500e+02
6.053727626800537109e+00 5.449063301086425781e+00 nan 9.235509033203125000e+02 2.871583251953125000e+02
6.359703063964843750e+00 5.394120216369628906e+00 nan 9.011076660156250000e+02 2.872608947753906250e+02
6.631648540496826172e+00 5.356422901153564453e+00 nan 8.798566284179687500e+02 2.872906188964843750e+02
6.655654907226562500e+00 5.379354953765869141e+00 nan 8.694776611328125000e+02 2.872210083007812500e+02
6.749824047088623047e+00 5.387666702270507812e+00 nan 8.502173461914062500e+02 2.871210937500000000e+02
6.988520622253417969e+00 5.401494979858398438e+00 nan 8.285814819335937500e+02 2.870980529785156250e+02
7.081186771392822266e+00 5.495048522949218750e+00 nan 8.132300415039062500e+02 2.870480041503906250e+02
7.124181270599365234e+00 5.528759479522705078e+00 nan 8.019200439453125000e+02 2.869851074218750000e+02
7.289036273956298828e+00 5.590738773345947266e+00 nan 7.838027954101562500e+02 2.869370117187500000e+02
7.478155136108398438e+00 5.638573646545410156e+00 nan 7.678605346679687500e+02 2.869279174804687500e+02
7.555675029754638672e+00 5.605304718017578125e+00 nan 7.518251953125000000e+02 2.868628540039062500e+02
7.751179695129394531e+00 5.620080471038818359e+00 nan 7.336599731445312500e+02 2.868522338867187500e+02
7.801707744598388672e+00 5.601503372192382812e+00 nan 7.180207519531250000e+02 2.867815551757812500e+02
8.039308547973632812e+00 5.633286476135253906e+00 nan 6.975698242187500000e+02 2.867688293457031250e+02
8.257223129272460938e+00 5.645653247833251953e+00 nan 6.811195068359375000e+02 2.868235473632812500e+02
8.409467697143554688e+00 5.705788612365722656e+00 nan 6.630021362304687500e+02 2.867937927246093750e+02
8.497056007385253906e+00 5.733222961425781250e+00 nan 6.432120361328125000e+02 2.867437133789062500e+02
8.573423385620117188e+00 5.893291950225830078e+00 nan 6.264729003906250000e+02 2.867037048339843750e+02
8.834853172302246094e+00 5.918346405029296875e+00 nan 6.085328369140625000e+02 2.867113952636718750e+02
8.935333251953125000e+00 5.863369941711425781e+00 nan 5.948361206054687500e+02 2.866766357421875000e+02
9.136519432067871094e+00 5.777946472167968750e+00 nan 5.792874145507812500e+02 2.867074584960937500e+02
9.324478149414062500e+00 5.738844871520996094e+00 nan 5.609801025390625000e+02 2.867340087890625000e+02
9.605494499206542969e+00 5.764079570770263672e+00 nan 5.445553588867187500e+02 2.868682556152343750e+02
9.784982681274414062e+00 5.704313278198242188e+00 nan 5.279487915039062500e+02 2.868624877929687500e+02
9.960616111755371094e+00 5.846599578857421875e+00 nan 5.112001037597656250e+02 2.868421936035156250e+02
1.012432289123535156e+01 5.746376037597656250e+00 nan 4.933090515136718750e+02 2.868760375976562500e+02
1.034593963623046875e+01 5.853711128234863281e+00 nan 4.735601501464843750e+02 2.868880310058593750e+02
1.083617973327636719e+01 5.937628269195556641e+00 nan 4.459262390136718750e+02 2.871515502929687500e+02
1.090875530242919922e+01 5.883835315704345703e+00 nan 4.422955932617187500e+02 2.871641845703125000e+02
1.138964653015136719e+01 5.951610565185546875e+00 nan 4.249555053710937500e+02 2.874567871093750000e+02
1.147340202331542969e+01 6.007016181945800781e+00 nan 4.021490173339843750e+02 2.873721618652343750e+02
1.169839096069335938e+01 5.929126262664794922e+00 nan 3.853387145996093750e+02 2.874189147949218750e+02
1.185486412048339844e+01 6.016182422637939453e+00 nan 3.681152954101562500e+02 2.874115295410156250e+02
1.204251861572265625e+01 5.922473430633544922e+00 nan 3.484381103515625000e+02 2.874157714843750000e+02
1.216301059722900391e+01 5.919159412384033203e+00 nan 3.320512084960937500e+02 2.873876342773437500e+02
1.235094356536865234e+01 5.942271709442138672e+00 nan 3.156432800292968750e+02 2.874102478027343750e+02
1.262594604492187500e+01 5.882049560546875000e+00 nan 2.983395385742187500e+02 2.874887390136718750e+02
1.274190521240234375e+01 5.972005844116210938e+00 nan 2.791676025390625000e+02 2.874372558593750000e+02
1.288896274566650391e+01 6.042416572570800781e+00 nan 2.618713989257812500e+02 2.874471435546875000e+02
1.305010223388671875e+01 5.971243858337402344e+00 nan 2.460211029052734375e+02 2.874481506347656250e+02
1.318191242218017578e+01 5.901962280273437500e+00 nan 2.301938171386718750e+02 2.874256896972656250e+02
1.346488380432128906e+01 5.954049110412597656e+00 nan 2.114616699218750000e+02 2.874888916015625000e+02
1.362146663665771484e+01 5.853010177612304688e+00 nan 1.956861572265625000e+02 2.875166625976562500e+02
1.377273178100585938e+01 5.825715065002441406e+00 nan 1.841155853271484375e+02 2.875197143554687500e+02
1.418276214599609375e+01 5.936908721923828125e+00 nan 1.683384704589843750e+02 2.877590332031250000e+02
1.430294990539550781e+01 5.882154464721679688e+00 nan 1.530394287109375000e+02 2.877246093750000000e+02
1.425334167480468750e+01 5.702245712280273438e+00 nan 1.374732666015625000e+02 2.874848937988281250e+02
1.438639163970947266e+01 5.815767288208007812e+00 nan 1.175974121093750000e+02 2.874728393554687500e+02
1.475969791412353516e+01 5.835890293121337891e+00 nan 1.016958389282226562e+02 2.876120910644531250e+02
1.480967235565185547e+01 5.931334495544433594e+00 nan 8.585986328125000000e+01 2.875206604003906250e+02
1.487386512756347656e+01 5.875325202941894531e+00 nan 6.677892303466796875e+01 2.874580383300781250e+02
