nan nan nan nan nan
nan nan nan nan nan
nan nan nan nan nan
nan nan nan nan nan
nan nan nan nan nan
nan nan nan nan nan
nan nan nan nan nan
nan nan nan nan nan
nan nan nan nan nan
nan nan nan nan nan
nan nan nan nan nan
nan nan nan nan nan
nan nan nan nan nan
nan nan nan nan nan
nan nan nan nan nan
nan nan nan nan nan
nan nan nan nan nan
nan nan nan nan nan
nan nan nan nan nan
nan nan nan nan nan
nan nan nan nan nan
nan nan nan nan nan
nan nan nan nan nan
nan nan nan nan nan
nan nan nan nan nan
nan nan nan nan nan
nan nan nan nan nan
nan nan nan nan nan
nan nan nan nan nan
nan nan nan nan nan
nan nan nan nan nan
nan nan nan nan nan
nan nan nan nan nan
-2.541789436340332031e+01 2.108918577432632446e-01 nan 5.921425781250000000e+03 3.078939514160156250e+02
-2.513980484008789062e+01 2.114343792200088501e-01 nan 5.887866210937500000e+03 3.079278869628906250e+02
-2.485390472412109375e+01 2.007388919591903687e-01 nan 5.855945800781250000e+03 3.079031372070312500e+02
-2.469936370849609375e+01 1.793666481971740723e-01 nan 5.824748046875000000e+03 3.077005004882812500e+02
-2.454043197631835938e+01 1.591140329837799072e-01 nan 5.792249023437500000e+03 3.075055541992187500e+02
-2.441277694702148438e+01 1.665499657392501831e-01 nan 5.764024414062500000e+03 3.073306884765625000e+02
-2.447747611999511719e+01 2.404774725437164307e-01 nan 5.733125488281250000e+03 3.068569335937500000e+02
-2.438680267333984375e+01 2.773965001106262207e-01 nan 5.700193847656250000e+03 3.065879516601562500e+02
-2.418293762207031250e+01 2.868708968162536621e-01 nan 5.673573242187500000e+03 3.065202331542968750e+02
-2.394351959228515625e+01 2.876407206058502197e-01 nan 5.647124023437500000e+03 3.064953613281250000e+02
-2.364195632934570312e+01 2.823517620563507080e-01 nan 5.614305175781250000e+03 3.064720458984375000e+02
-2.335968399047851562e+01 2.588237524032592773e-01 nan 5.581527343750000000e+03 3.064285888671875000e+02
-2.312804031372070312e+01 2.404530644416809082e-01 nan 5.555229492187500000e+03 3.063931579589843750e+02
-2.280625724792480469e+01 2.255372554063796997e-01 nan 5.521864746093750000e+03 3.063923339843750000e+02
-2.249580383300781250e+01 2.040066123008728027e-01 nan 5.487928710937500000e+03 3.063612060546875000e+02
-2.224206924438476562e+01 2.034954130649566650e-01 nan 5.460628906250000000e+03 3.063456420898437500e+02
-2.198295211791992188e+01 2.059856057167053223e-01 nan 5.433148437500000000e+03 3.063327636718750000e+02
-2.172095680236816406e+01 2.097187042236328125e-01 nan 5.405298828125000000e+03 3.063212280273437500e+02
-2.147790908813476562e+01 2.093650102615356445e-01 nan 5.377107421875000000e+03 3.062827453613281250e+02
-2.126342391967773438e+01 2.041147798299789429e-01 nan 5.349202148437500000e+03 3.062070312500000000e+02
-2.109327697753906250e+01 1.841105222702026367e-01 nan 5.322346679687500000e+03 3.060903930664062500e+02
-2.094119071960449219e+01 1.680147051811218262e-01 nan 5.290892089843750000e+03 3.059031372070312500e+02
-2.074574089050292969e+01 1.744655966758728027e-01 nan 5.261380859375000000e+03 3.057939147949218750e+02
-2.060182380676269531e+01 2.280029505491256714e-01 nan 5.233364257812500000e+03 3.056328125000000000e+02
-2.033970832824707031e+01 2.501080930233001709e-01 nan 5.201479003906250000e+03 3.055813903808593750e+02
-2.003186225891113281e+01 2.415173798799514771e-01 nan 5.169673339843750000e+03 3.055857543945312500e+02
-1.982096290588378906e+01 2.212475538253784180e-01 nan 5.141218261718750000e+03 3.055026245117187500e+02
-1.968264389038085938e+01 2.007292211055755615e-01 nan 5.117500000000000000e+03 3.053900756835937500e+02
-1.949183654785156250e+01 1.963993906974792480e-01 nan 5.087701171875000000e+03 3.052626342773437500e+02
-1.936771392822265625e+01 1.658188104629516602e-01 nan 5.058608398437500000e+03 3.050706787109375000e+02
-1.914637374877929688e+01 1.645695120096206665e-01 nan 5.030519042968750000e+03 3.050015869140625000e+02
-1.895528793334960938e+01 1.501742154359817505e-01 nan 5.003003906250000000e+03 3.049182739257812500e+02
-1.875631713867187500e+01 1.393162757158279419e-01 nan 4.975899902343750000e+03 3.048446350097656250e+02
-1.861281013488769531e+01 1.231257095932960510e-01 nan 4.944147949218750000e+03 3.046412048339843750e+02
-1.846177482604980469e+01 1.157251596450805664e-01 nan 4.918717773437500000e+03 3.045269470214843750e+02
-1.831157684326171875e+01 1.206111535429954529e-01 nan 4.893446289062500000e+03 3.044129028320312500e+02
-1.815505599975585938e+01 1.222381293773651123e-01 nan 4.862606445312500000e+03 3.042448730468750000e+02
-1.798464202880859375e+01 1.229840964078903198e-01 nan 4.835767578125000000e+03 3.041383666992187500e+02
-1.780494117736816406e+01 1.248733624815940857e-01 nan 4.807956054687500000e+03 3.040233764648437500e+02
-1.764119720458984375e+01 1.279832422733306885e-01 nan 4.779928710937500000e+03 3.038884887695312500e+02
-1.741780471801757812e+01 1.293960958719253540e-01 nan 4.751579589843750000e+03 3.038351745605468750e+02
-1.720166778564453125e+01 1.357133388519287109e-01 nan 4.721782226562500000e+03 3.037459411621093750e+02
-1.701881790161132812e+01 1.394829750061035156e-01 nan 4.696676269531250000e+03 3.036690673828125000e+02
-1.689244842529296875e+01 1.347454339265823364e-01 nan 4.670541992187500000e+03 3.035171508789062500e+02
-1.671285629272460938e+01 1.306114494800567627e-01 nan 4.643516113281250000e+03 3.034130859375000000e+02
-1.655234146118164062e+01 1.269147694110870361e-01 nan 4.616315429687500000e+03 3.032888793945312500e+02
-1.640007019042968750e+01 1.307943761348724365e-01 nan 4.589422851562500000e+03 3.031558837890625000e+02
-1.628459548950195312e+01 1.351089477539062500e-01 nan 4.563071289062500000e+03 3.029938964843750000e+02
-1.616790580749511719e+01 1.373772323131561279e-01 nan 4.536935546875000000e+03 3.028315734863281250e+02
-1.603714370727539062e+01 1.368902623653411865e-01 nan 4.510257812500000000e+03 3.026801147460937500e+02
-1.592070960998535156e+01 1.358339190483093262e-01 nan 4.482431640625000000e+03 3.024955444335937500e+02
-1.579410552978515625e+01 1.488392949104309082e-01 nan 4.453966796875000000e+03 3.023145751953125000e+02
-1.568652534484863281e+01 1.620209217071533203e-01 nan 4.425859375000000000e+03 3.021125488281250000e+02
-1.563103866577148438e+01 1.730073690414428711e-01 nan 4.398687500000000000e+03 3.018754882812500000e+02
-1.560894298553466797e+01 1.946859657764434814e-01 nan 4.371659179687500000e+03 3.016042785644531250e+02
-1.550341320037841797e+01 2.231123000383377075e-01 nan 4.350340332031250000e+03 3.014845581054687500e+02
-1.537269592285156250e+01 2.627320885658264160e-01 nan 4.327779296875000000e+03 3.013755493164062500e+02
-1.513557624816894531e+01 2.707576155662536621e-01 nan 4.296583007812500000e+03 3.012978515625000000e+02
-1.492687988281250000e+01 2.658231258392333984e-01 nan 4.272526855468750000e+03 3.012641296386718750e+02
-1.471956920623779297e+01 2.631489038467407227e-01 nan 4.248029296875000000e+03 3.012298583984375000e+02
-1.451487922668457031e+01 2.698476314544677734e-01 nan 4.223328613281250000e+03 3.011847839355468750e+02
-1.431137847900390625e+01 2.743601799011230469e-01 nan 4.198643554687500000e+03 3.011357727050781250e+02
-1.406140708923339844e+01 2.813046276569366455e-01 nan 4.166280273437500000e+03 3.010577392578125000e+02
-1.388605308532714844e+01 2.843128740787506104e-01 nan 4.142569335937500000e+03 3.009948120117187500e+02
-1.369538974761962891e+01 2.748101353645324707e-01 nan 4.119399414062500000e+03 3.009454956054687500e+02
-1.344342136383056641e+01 2.689740657806396484e-01 nan 4.089034667968750000e+03 3.008936157226562500e+02
-1.326585102081298828e+01 2.673813700675964355e-01 nan 4.067376220703125000e+03 3.008518676757812500e+02
-1.308912754058837891e+01 2.797146439552307129e-01 nan 4.043743652343750000e+03 3.008053894042968750e+02
-1.286588287353515625e+01 2.959218621253967285e-01 nan 4.014686035156250000e+03 3.007283935546875000e+02
-1.268461418151855469e+01 3.029492199420928955e-01 nan 3.991970458984375000e+03 3.006824035644531250e+02
-1.251346969604492188e+01 3.339109122753143311e-01 nan 3.968758300781250000e+03 3.006158447265625000e+02
-1.231316089630126953e+01 3.612630963325500488e-01 nan 3.945181640625000000e+03 3.005747070312500000e+02
-1.210981559753417969e+01 3.885248601436614990e-01 nan 3.921497070312500000e+03 3.005377807617187500e+02
-1.184664726257324219e+01 3.953391909599304199e-01 nan 3.890229003906250000e+03 3.004875488281250000e+02
-1.167889118194580078e+01 3.997141122817993164e-01 nan 3.866974121093750000e+03 3.004227600097656250e+02
-1.150313186645507812e+01 4.138520359992980957e-01 nan 3.843682373046875000e+03 3.003643798828125000e+02
-1.130122280120849609e+01 4.154337644577026367e-01 nan 3.820044433593750000e+03 3.003334960937500000e+02
-1.107928657531738281e+01 3.808120191097259521e-01 nan 3.795541992187500000e+03 3.003189086914062500e+02
-1.085120964050292969e+01 3.608802258968353271e-01 nan 3.771831298828125000e+03 3.003121337890625000e+02
-1.063752746582031250e+01 3.371561169624328613e-01 nan 3.747621093750000000e+03 3.002831115722656250e+02
-1.037854003906250000e+01 2.889350056648254395e-01 nan 3.715609863281250000e+03 3.002217102050781250e+02
-1.020327377319335938e+01 2.867958843708038330e-01 nan 3.691859619140625000e+03 3.001610717773437500e+02
-9.999597549438476562e+00 3.412354588508605957e-01 nan 3.668094726562500000e+03 3.001323242187500000e+02
-9.793684005737304688e+00 3.658087253570556641e-01 nan 3.644176269531250000e+03 3.000970458984375000e+02
-9.605847358703613281e+00 4.240568876266479492e-01 nan 3.620032226562500000e+03 3.000453796386718750e+02
-9.407238006591796875e+00 3.533925414085388184e-01 nan 3.595769042968750000e+03 2.999980773925781250e+02
-9.230550765991210938e+00 3.905434906482696533e-01 nan 3.571469726562500000e+03 2.999313354492187500e+02
-9.038683891296386719e+00 4.205296337604522705e-01 nan 3.547207763671875000e+03 2.998721313476562500e+02
-8.866330146789550781e+00 4.383394718170166016e-01 nan 3.523393554687500000e+03 2.998066711425781250e+02
-8.685985565185546875e+00 4.305127859115600586e-01 nan 3.500190673828125000e+03 2.997481384277343750e+02
-8.504259109497070312e+00 3.483325839042663574e-01 nan 3.477385742187500000e+03 2.997080688476562500e+02
-8.310428619384765625e+00 2.663583159446716309e-01 nan 3.448939453125000000e+03 2.996206665039062500e+02
-8.181312561035156250e+00 2.749552428722381592e-01 nan 3.428036621093750000e+03 2.995400085449218750e+02
-8.051023483276367188e+00 2.693178653717041016e-01 nan 3.407191162109375000e+03 2.994603271484375000e+02
-7.895442008972167969e+00 1.458937525749206543e-01 nan 3.379384765625000000e+03 2.993283691406250000e+02
-7.779318332672119141e+00 1.195990741252899170e-01 nan 3.358706542968750000e+03 2.992238769531250000e+02
-7.727667808532714844e+00 9.965075552463531494e-02 nan 3.338796630859375000e+03 2.990673522949218750e+02
-7.693238735198974609e+00 9.169536828994750977e-02 nan 3.312695800781250000e+03 2.988422851562500000e+02
-7.566473484039306641e+00 8.159179985523223877e-02 nan 3.286255371093750000e+03 2.986979980468750000e+02
-7.492666244506835938e+00 8.742414414882659912e-02 nan 3.257186035156250000e+03 2.984620971679687500e+02
-7.534411430358886719e+00 1.030999496579170227e-01 nan 3.234233398437500000e+03 2.981762695312500000e+02
-7.514348506927490234e+00 1.287927031517028809e-01 nan 3.210662597656250000e+03 2.979324340820312500e+02
-7.475284576416015625e+00 1.690991222858428955e-01 nan 3.186189697265625000e+03 2.977002868652343750e+02
-7.487320423126220703e+00 2.157918363809585571e-01 nan 3.171048339843750000e+03 2.975088195800781250e+02
-7.599565982818603516e+00 3.322172760963439941e-01 nan 3.141043945312500000e+03 2.970941772460937500e+02
-7.692870140075683594e+00 5.004643201828002930e-01 nan 3.118811035156250000e+03 2.967032470703125000e+02
-7.672170162200927734e+00 6.072147488594055176e-01 nan 3.101287353515625000e+03 2.965359497070312500e+02
-7.597563743591308594e+00 6.792708039283752441e-01 nan 3.074988281250000000e+03 2.963374023437500000e+02
-7.448325634002685547e+00 6.648783087730407715e-01 nan 3.048692382812500000e+03 2.962146606445312500e+02
-7.318644046783447266e+00 6.746465563774108887e-01 nan 3.031226318359375000e+03 2.961704711914062500e+02
-7.184941768646240234e+00 6.687272191047668457e-01 nan 3.013904541015625000e+03 2.961304016113281250e+02
-7.014239788055419922e+00 6.361728906631469727e-01 nan 2.988389648437500000e+03 2.960431823730468750e+02
-6.845305919647216797e+00 5.460382103919982910e-01 nan 2.963342529296875000e+03 2.959607849121093750e+02
-6.683566570281982422e+00 4.914321899414062500e-01 nan 2.938820312500000000e+03 2.958776855468750000e+02
-6.530763149261474609e+00 4.493545591831207275e-01 nan 2.914665039062500000e+03 2.957835388183593750e+02
-6.439407348632812500e+00 4.001577794551849365e-01 nan 2.898502441406250000e+03 2.957160949707031250e+02
-6.328198432922363281e+00 3.334538936614990234e-01 nan 2.873986572265625000e+03 2.955759887695312500e+02
-6.240232467651367188e+00 3.205044567584991455e-01 nan 2.849152832031250000e+03 2.954084777832031250e+02
-6.184420585632324219e+00 3.418365120887756348e-01 nan 2.832439941406250000e+03 2.952857971191406250e+02
-6.125312805175781250e+00 3.414424061775207520e-01 nan 2.807455078125000000e+03 2.950867309570312500e+02
-6.087020874023437500e+00 2.950548529624938965e-01 nan 2.782637451171875000e+03 2.948546447753906250e+02
-5.997633934020996094e+00 2.732773721218109131e-01 nan 2.766183837890625000e+03 2.947754211425781250e+02
-5.899833679199218750e+00 2.447865605354309082e-01 nan 2.741672851562500000e+03 2.946222534179687500e+02
-5.849166870117187500e+00 2.182004153728485107e-01 nan 2.717371093750000000e+03 2.944175415039062500e+02
-5.816425800323486328e+00 1.680909991264343262e-01 nan 2.693331054687500000e+03 2.942043457031250000e+02
-5.716451644897460938e+00 1.609945148229598999e-01 nan 2.669149169921875000e+03 2.940643920898437500e+02
-5.623152732849121094e+00 1.459538489580154419e-01 nan 2.652759277343750000e+03 2.939871826171875000e+02
-5.496451377868652344e+00 1.359391361474990845e-01 nan 2.627905273437500000e+03 2.938547973632812500e+02
-5.445002079010009766e+00 9.934663772583007812e-02 nan 2.603175292968750000e+03 2.936418151855468750e+02
-5.449560165405273438e+00 9.099862724542617798e-02 nan 2.586929199218750000e+03 2.934660644531250000e+02
-5.380829811096191406e+00 9.799790382385253906e-02 nan 2.562787597656250000e+03 2.932839965820312500e+02
-5.329268455505371094e+00 1.040511056780815125e-01 nan 2.538708984375000000e+03 2.930871276855468750e+02
-5.279801368713378906e+00 1.064476445317268372e-01 nan 2.522572021484375000e+03 2.929662780761718750e+02
-5.265633583068847656e+00 1.137493997812271118e-01 nan 2.498160644531250000e+03 2.927208862304687500e+02
-5.233801841735839844e+00 1.173280328512191772e-01 nan 2.473568115234375000e+03 2.924957275390625000e+02
-5.196315765380859375e+00 1.192762926220893860e-01 nan 2.457120605468750000e+03 2.923569030761718750e+02
-5.186936855316162109e+00 1.218013316392898560e-01 nan 2.440744873046875000e+03 2.921879577636718750e+02
-5.244873046875000000e+00 1.280431747436523438e-01 nan 2.416225830078125000e+03 2.918689880371093750e+02
-5.262855052947998047e+00 1.379105597734451294e-01 nan 2.391326171875000000e+03 2.915855102539062500e+02
-5.227069377899169922e+00 1.416343152523040771e-01 nan 2.374001464843750000e+03 2.914448242187500000e+02
-5.161451816558837891e+00 1.588090360164642334e-01 nan 2.356453857421875000e+03 2.913298950195312500e+02
-5.052586555480957031e+00 1.727558225393295288e-01 nan 2.328217041015625000e+03 2.911608581542968750e+02
-4.878009796142578125e+00 1.772149354219436646e-01 nan 2.301273437500000000e+03 2.910520019531250000e+02
-4.762644290924072266e+00 1.798923611640930176e-01 nan 2.282528320312500000e+03 2.909763793945312500e+02
-4.651507377624511719e+00 1.792790144681930542e-01 nan 2.263759521484375000e+03 2.908963928222656250e+02
-4.512806892395019531e+00 1.796496957540512085e-01 nan 2.244988281250000000e+03 2.908497009277343750e+02
-4.364919185638427734e+00 1.778229475021362305e-01 nan 2.226156005859375000e+03 2.908124389648437500e+02
-4.229866504669189453e+00 1.745381206274032593e-01 nan 2.207245849609375000e+03 2.907577514648437500e+02
-4.121067523956298828e+00 1.664345264434814453e-01 nan 2.188246093750000000e+03 2.906782226562500000e+02
-4.074302673339843750e+00 1.618158966302871704e-01 nan 2.169185058593750000e+03 2.905233764648437500e+02
-4.041156291961669922e+00 1.567346900701522827e-01 nan 2.150266357421875000e+03 2.903580627441406250e+02
-4.038484096527099609e+00 1.560404896736145020e-01 nan 2.131600341796875000e+03 2.901539001464843750e+02
-4.013187408447265625e+00 1.710118949413299561e-01 nan 2.104399902343750000e+03 2.898953857421875000e+02
-4.028245925903320312e+00 1.856319904327392578e-01 nan 2.078191894531250000e+03 2.896066284179687500e+02
-4.010384082794189453e+00 1.818188130855560303e-01 nan 2.061327148437500000e+03 2.894594116210937500e+02
-3.973491191864013672e+00 1.903046965599060059e-01 nan 2.044642211914062500e+03 2.893246459960937500e+02
-3.978331327438354492e+00 1.999936252832412720e-01 nan 2.027968872070312500e+03 2.891452026367187500e+02
-4.169186115264892578e+00 2.318734079599380493e-01 nan 2.002944580078125000e+03 2.886658935546875000e+02
-4.341612339019775391e+00 3.158657550811767578e-01 nan 1.977971191406250000e+03 2.882269592285156250e+02
-4.341105461120605469e+00 3.371050953865051270e-01 nan 1.961238647460937500e+03 2.880642395019531250e+02
-4.239685535430908203e+00 3.426776230335235596e-01 nan 1.944063476562500000e+03 2.880072937011718750e+02
-4.125409603118896484e+00 3.524101674556732178e-01 nan 1.926174194335937500e+03 2.879487304687500000e+02
-4.027712821960449219e+00 3.693219423294067383e-01 nan 1.907382202148437500e+03 2.878545227050781250e+02
-3.960486412048339844e+00 3.951784968376159668e-01 nan 1.887767944335937500e+03 2.877121582031250000e+02
-3.911988973617553711e+00 4.403763115406036377e-01 nan 1.867677001953125000e+03 2.875481262207031250e+02
-3.833232164382934570e+00 4.512115716934204102e-01 nan 1.847399780273437500e+03 2.874193725585937500e+02
-3.715183496475219727e+00 4.656509757041931152e-01 nan 1.827028686523437500e+03 2.873332824707031250e+02
-3.587261915206909180e+00 4.724270999431610107e-01 nan 1.806531616210937500e+03 2.872596740722656250e+02
-3.465471744537353516e+00 4.769379198551177979e-01 nan 1.785822998046875000e+03 2.871747436523437500e+02
-3.354169368743896484e+00 4.753692746162414551e-01 nan 1.764849365234375000e+03 2.870722045898437500e+02
-3.256338119506835938e+00 4.773681759834289551e-01 nan 1.743842651367187500e+03 2.869432983398437500e+02
-3.216839313507080078e+00 4.752420485019683838e-01 nan 1.723226074218750000e+03 2.867630310058593750e+02
-3.237125635147094727e+00 4.799298346042633057e-01 nan 1.703275146484375000e+03 2.865310668945312500e+02
-3.216904878616333008e+00 5.459812283515930176e-01 nan 1.684135009765625000e+03 2.863640747070312500e+02
-3.222997903823852539e+00 6.229271292686462402e-01 nan 1.665489013671875000e+03 2.861652221679687500e+02
-3.183886766433715820e+00 7.196431159973144531e-01 nan 1.647194824218750000e+03 2.860228576660156250e+02
-3.161520481109619141e+00 7.404135465621948242e-01 nan 1.629149658203125000e+03 2.858588867187500000e+02
-3.122774839401245117e+00 7.282822728157043457e-01 nan 1.611443725585937500e+03 2.857080078125000000e+02
-3.102967739105224609e+00 7.300561666488647461e-01 nan 1.594338378906250000e+03 2.855494689941406250e+02
-3.029807090759277344e+00 7.477968931198120117e-01 nan 1.569952270507812500e+03 2.853692932128906250e+02
-2.964049816131591797e+00 7.194405198097229004e-01 nan 1.547390869140625000e+03 2.852007751464843750e+02
-2.945603132247924805e+00 6.863088011741638184e-01 nan 1.533562377929687500e+03 2.850772399902343750e+02
-2.928599357604980469e+00 5.804911851882934570e-01 nan 1.514980712890625000e+03 2.849008789062500000e+02
-2.873672723770141602e+00 5.090676546096801758e-01 nan 1.494338867187500000e+03 2.847468261718750000e+02
-2.776642084121704102e+00 4.724587202072143555e-01 nan 1.474023437500000000e+03 2.846544189453125000e+02
-2.702028751373291016e+00 4.506693482398986816e-01 nan 1.455884521484375000e+03 2.845425415039062500e+02
-2.697201251983642578e+00 4.396735429763793945e-01 nan 1.438098388671875000e+03 2.843721618652343750e+02
-2.671561241149902344e+00 4.211981594562530518e-01 nan 1.418752197265625000e+03 2.842097778320312500e+02
-2.707472801208496094e+00 4.341805875301361084e-01 nan 1.402181274414062500e+03 2.839839477539062500e+02
-3.041994333267211914e+00 4.187174439430236816e-01 nan 1.381303710937500000e+03 2.833942565917968750e+02
-5.079531192779541016e+00 6.344685554504394531e-01 nan 1.363139404296875000e+03 2.810823974609375000e+02
-6.588618278503417969e+00 2.191551923751831055e+00 3.706835508346557617e-01 1.345670654296875000e+03 2.793233947753906250e+02
-6.615540027618408203e+00 2.570357561111450195e+00 2.410131096839904785e-01 1.326268066406250000e+03 2.790994262695312500e+02
-6.568869113922119141e+00 2.671463012695312500e+00 1.420601457357406616e-01 1.305284912109375000e+03 2.789119262695312500e+02
-6.547730922698974609e+00 2.711648464202880859e+00 1.436227262020111084e-01 1.287316162109375000e+03 2.787975769042968750e+02
-6.496153831481933594e+00 2.243841886520385742e+00 8.730567246675491333e-02 1.272289062500000000e+03 2.786928100585937500e+02
-6.499508857727050781e+00 2.520364046096801758e+00 1.220022290945053101e-01 1.253083251953125000e+03 2.785040893554687500e+02
-6.288760185241699219e+00 2.707393646240234375e+00 4.116823375225067139e-01 1.232361328125000000e+03 2.784935302734375000e+02
-6.168674468994140625e+00 2.566040992736816406e+00 nan 1.214703857421875000e+03 2.784620971679687500e+02
-6.003072261810302734e+00 2.645198822021484375e+00 nan 1.198909179687500000e+03 2.784642639160156250e+02
-5.872710227966308594e+00 2.703865289688110352e+00 4.480627179145812988e-01 1.179883789062500000e+03 2.784136352539062500e+02
-5.723691940307617188e+00 2.609312772750854492e+00 4.166780114173889160e-01 1.159485717773437500e+03 2.783863830566406250e+02
-5.600016593933105469e+00 2.712877511978149414e+00 3.803036808967590332e-01 1.140852050781250000e+03 2.783014526367187500e+02
-5.457004070281982422e+00 2.840308189392089844e+00 3.754557967185974121e-01 1.126161499023437500e+03 2.782966613769531250e+02
-5.326652050018310547e+00 2.843501806259155273e+00 3.671873211860656738e-01 1.108127075195312500e+03 2.782590637207031250e+02
-5.152924060821533203e+00 2.771571636199951172e+00 3.741445243358612061e-01 1.088632446289062500e+03 2.782369384765625000e+02
-5.023143768310546875e+00 2.772428512573242188e+00 3.759536743164062500e-01 1.072813232421875000e+03 2.781942749023437500e+02
-4.895421981811523438e+00 2.705102205276489258e+00 3.421483933925628662e-01 1.055510864257812500e+03 2.781805725097656250e+02
-4.818202495574951172e+00 2.889986276626586914e+00 2.846195697784423828e-01 1.034540893554687500e+03 2.780485839843750000e+02
-4.660521984100341797e+00 3.341642856597900391e+00 2.678592801094055176e-01 1.017073242187500000e+03 2.780275268554687500e+02
-4.586829185485839844e+00 3.114412546157836914e+00 2.595779895782470703e-01 9.990262451171875000e+02 2.779227905273437500e+02
-4.465766429901123047e+00 2.633755207061767578e+00 2.939651906490325928e-01 9.808972167968750000e+02 2.778640441894531250e+02
-4.313430309295654297e+00 2.761940479278564453e+00 2.242898046970367432e-01 9.629734497070312500e+02 2.778326110839843750e+02
-4.192542076110839844e+00 2.942467212677001953e+00 1.662499606609344482e-01 9.451983642578125000e+02 2.777857971191406250e+02
-4.110750675201416016e+00 3.133635520935058594e+00 1.410035938024520874e-01 9.301447753906250000e+02 2.777219238281250000e+02
-4.034568786621093750e+00 3.070215225219726562e+00 8.963196724653244019e-02 9.144721679687500000e+02 2.776232299804687500e+02
-3.993415832519531250e+00 3.109989404678344727e+00 5.427653342485427856e-02 8.956463623046875000e+02 2.774744873046875000e+02
-3.891252994537353516e+00 3.073806047439575195e+00 nan 8.776087646484375000e+02 2.774094848632812500e+02
-3.771045446395874023e+00 3.075856447219848633e+00 nan 8.599398803710937500e+02 2.773517761230468750e+02
-3.578094720840454102e+00 3.036237716674804688e+00 nan 8.420869140625000000e+02 2.773788757324218750e+02
-3.371555566787719727e+00 3.031557798385620117e+00 nan 8.239318847656250000e+02 2.773986511230468750e+02
-3.204566478729248047e+00 3.029097557067871094e+00 nan 8.059658203125000000e+02 2.773963623046875000e+02
-3.070986509323120117e+00 2.995538473129272461e+00 nan 7.882483520507812500e+02 2.773596801757812500e+02
-2.923805236816406250e+00 2.946416616439819336e+00 nan 7.697296142578125000e+02 2.773280944824218750e+02
-2.767536401748657227e+00 2.950839996337890625e+00 nan 7.547311401367187500e+02 2.773320617675781250e+02
-2.582280874252319336e+00 2.905553817749023438e+00 nan 7.361688232421875000e+02 2.773282775878906250e+02
-2.456783771514892578e+00 2.869787693023681641e+00 nan 7.184616088867187500e+02 2.772849121093750000e+02
-2.368954181671142578e+00 2.839180946350097656e+00 nan 7.045181884765625000e+02 2.772398681640625000e+02
-2.209457635879516602e+00 2.772000312805175781e+00 nan 6.864347534179687500e+02 2.772281799316406250e+02
-1.972480893135070801e+00 2.784988403320312500e+00 nan 6.675964355468750000e+02 2.772700805664062500e+02
-1.839851260185241699e+00 2.816963911056518555e+00 nan 6.500006713867187500e+02 2.772273254394531250e+02
-1.769857168197631836e+00 2.833307266235351562e+00 nan 6.333166503906250000e+02 2.771459350585937500e+02
-1.696523785591125488e+00 2.954573392868041992e+00 nan 6.192133789062500000e+02 2.770866394042968750e+02
-1.486226320266723633e+00 2.935836791992187500e+00 nan 6.002298583984375000e+02 2.771040344238281250e+02
-1.307366847991943359e+00 2.916477680206298828e+00 nan 5.821843261718750000e+02 2.771062011718750000e+02
-1.123145103454589844e+00 2.971964359283447266e+00 nan 5.645209960937500000e+02 2.771089477539062500e+02
-9.492822885513305664e-01 3.009937286376953125e+00 nan 5.466911621093750000e+02 2.771228027343750000e+02
-7.914513349533081055e-01 2.842805624008178711e+00 nan 5.322255859375000000e+02 2.771386108398437500e+02
-6.458432078361511230e-01 2.961958885192871094e+00 nan 5.138616333007812500e+02 2.771126403808593750e+02
-4.258811473846435547e-01 2.914093017578125000e+00 nan 4.953911437988281250e+02 2.771446838378906250e+02
-3.267267346382141113e-01 2.947119474411010742e+00 nan 4.809526672363281250e+02 2.771047973632812500e+02
-1.631715297698974609e-01 2.990789413452148438e+00 nan 4.632556762695312500e+02 2.770888061523437500e+02
-1.369060203433036804e-02 2.990942955017089844e+00 nan 4.453262023925781250e+02 2.770728759765625000e+02
1.449363827705383301e-01 2.997671604156494141e+00 nan 4.307647705078125000e+02 2.770926513671875000e+02
2.767322361469268799e-01 3.041717052459716797e+00 nan 4.125640869140625000e+02 2.770233154296875000e+02
4.437720775604248047e-01 3.066065073013305664e+00 nan 3.946383056640625000e+02 2.770422973632812500e+02
5.617729425430297852e-01 2.898809432983398438e+00 nan 3.794983825683593750e+02 2.770116577148437500e+02
7.888875007629394531e-01 2.933211326599121094e+00 nan 3.609943237304687500e+02 2.770496826171875000e+02
9.799835681915283203e-01 2.939897537231445312e+00 nan 3.430616455078125000e+02 2.770838928222656250e+02
1.096402406692504883e+00 2.987274646759033203e+00 nan 3.275791931152343750e+02 2.770401000976562500e+02
1.295812606811523438e+00 2.872908115386962891e+00 nan 3.119290771484375000e+02 2.770775146484375000e+02
1.462818980216979980e+00 2.914541244506835938e+00 nan 2.969885864257812500e+02 2.770964355468750000e+02
1.608224868774414062e+00 3.050415992736816406e+00 nan 2.800125732421875000e+02 2.770779724121093750e+02
1.716635704040527344e+00 3.144181489944458008e+00 nan 2.618960571289062500e+02 2.770458374023437500e+02
1.872455358505249023e+00 3.179191112518310547e+00 nan 2.447345275878906250e+02 2.770156250000000000e+02
2.113199234008789062e+00 3.052705526351928711e+00 nan 2.274869079589843750e+02 2.770535278320312500e+02
2.254937648773193359e+00 2.947610855102539062e+00 nan 2.120434722900390625e+02 2.770623779296875000e+02
2.393271923065185547e+00 3.034020423889160156e+00 nan 1.984850921630859375e+02 2.770548706054687500e+02
2.465885162353515625e+00 3.077176094055175781e+00 nan 1.865482482910156250e+02 2.770171508789062500e+02
nan nan nan nan nan
nan nan nan nan nan
nan nan nan nan nan
nan nan nan nan nan
nan nan nan nan nan
nan nan nan nan nan
nan nan nan nan nan
nan nan nan nan nan
nan nan nan nan nan
nan nan nan nan nan
nan nan nan nan nan
nan nan nan nan nan
