         12.50
         36.87
         60.59
         83.64
        106.01
        127.69
        148.67
        168.95
        188.53
        207.41
        225.59
        243.09
        259.91
        276.07
        291.59
        306.48
        320.78
        334.50
        347.67
        360.33
        372.52
        384.27
        395.62
        406.62
        417.32
        427.76
        438.01
        448.11
        458.13
        468.13
        478.13
        488.13
        498.13
        508.13
        518.13
        528.13
        538.13
        548.13
        558.13
        568.13
        578.13
        588.13
        598.13
        608.13
        618.13
        628.13
        638.13
        648.13
        658.13
        668.13
        678.13
        688.13
        698.13
        708.13
        718.13
        728.13
        738.13
        748.13
        758.13
        768.13
        778.13
        788.13
        798.13
        808.13
        818.13
        828.13
        838.13
        848.13
        858.13
        868.13
        878.13
        888.13
        898.13
        908.13
        918.13
        928.13
        938.13
        948.13
        958.13
        968.13
        978.13
        988.13
        998.13
       1008.13
       1018.13
       1028.13
       1038.13
       1048.13
       1058.13
       1068.13
       1078.13
       1088.13
       1098.13
       1108.13
       1118.13
       1128.13
       1138.13
       1148.13
       1158.13
       1168.13
       1178.13
       1188.13
       1198.13
       1208.13
       1218.13
       1228.13
       1238.13
       1248.13
       1258.13
       1268.13
       1278.13
       1288.13
       1298.13
       1308.13
       1318.13
       1328.13
       1338.13
       1348.13
       1358.13
       1368.13
       1378.13
       1388.13
       1398.13
       1408.13
       1418.13
       1428.13
       1438.13
       1448.13
       1458.13
       1468.13
       1478.13
       1488.13
       1498.13
       1508.13
       1518.13
       1528.13
       1538.13
       1548.13
       1558.13
       1568.13
       1578.13
       1588.13
       1598.13
       1608.13
       1618.13
       1628.13
       1638.13
       1648.13
       1658.13
       1668.13
       1678.13
       1688.21
       1698.45
       1708.94
       1719.78
       1731.05
       1742.83
       1755.20
       1768.24
       1782.02
       1796.61
       1812.07
       1828.48
       1845.89
       1864.37
       1883.96
       1904.72
       1926.70
       1949.95
       1974.51
       2000.43
       2027.73
       2056.45
       2086.63
       2118.30
       2151.48
       2186.19
       2222.46
       2260.30
       2299.72
       2340.74
       2383.37
       2427.61
       2473.46
       2520.93
       2570.00
       2620.68
       2672.96
       2726.81
       2782.23
       2839.20
       2897.70
