         12.50
         36.46
         59.29
         80.93
        101.34
        120.51
        138.43
        155.12
        170.63
        185.02
        198.36
        210.77
        222.37
        233.30
        243.72
        253.83
        263.83
        273.83
        283.83
        293.83
        303.83
        313.83
        323.83
        333.83
        343.83
        353.83
        363.83
        373.83
        383.83
        393.83
        403.83
        413.83
        423.83
        433.83
        443.83
        453.83
        463.83
        473.83
        483.83
        493.83
        503.83
        513.83
        523.83
        533.83
        543.83
        553.83
        563.83
        573.83
        583.83
        593.83
        603.83
        613.83
        623.83
        633.83
        643.83
        653.83
        663.83
        673.83
        683.83
        693.83
        703.83
        713.83
        723.83
        733.83
        743.83
        753.83
        763.83
        773.83
        783.83
        793.83
        803.83
        813.83
        823.83
        833.83
        843.83
        853.83
        863.83
        873.83
        883.83
        893.83
        903.83
        913.83
        923.83
        933.83
        943.83
        953.83
        963.83
        973.83
        983.83
        993.83
       1003.83
       1013.83
       1023.83
       1033.83
       1043.83
       1053.83
       1063.83
       1073.83
       1083.83
       1093.83
       1103.83
       1113.83
       1123.83
       1133.83
       1143.83
       1153.83
       1163.83
       1173.83
       1183.83
       1193.83
       1203.83
       1213.83
       1223.83
       1233.83
       1243.83
       1253.83
       1263.83
       1273.83
       1283.83
       1293.83
       1303.83
       1313.83
       1323.83
       1333.83
       1343.83
       1353.83
       1363.83
       1373.83
       1383.83
       1393.83
       1403.83
       1413.83
       1423.83
       1433.83
       1443.83
       1453.83
       1463.83
       1473.83
       1483.83
       1493.83
       1503.83
       1513.83
       1523.83
       1533.83
       1543.83
       1553.83
       1563.83
       1573.83
       1583.83
       1593.83
       1603.83
       1613.83
       1623.83
       1633.83
       1643.83
       1653.83
       1663.83
       1673.83
       1683.83
       1693.83
       1703.83
       1713.83
       1723.83
       1733.83
       1743.83
       1753.83
       1763.83
       1773.83
       1783.83
       1793.83
       1803.83
       1813.83
       1823.83
       1833.83
       1843.83
       1853.83
       1863.83
       1873.83
       1883.83
       1893.83
       1903.83
       1913.83
       1923.83
       1933.83
       1943.83
       1953.83
       1963.83
       1973.83
       1983.83
       1993.83
       2003.83
       2013.83
       2023.83
       2033.83
       2043.83
       2053.83
       2063.83
       2073.83
       2083.83
       2093.83
       2103.83
       2113.83
       2123.83
       2133.83
       2143.83
       2153.83
       2163.83
       2173.83
       2183.83
       2193.83
       2203.83
       2213.83
       2223.83
       2233.83
       2243.83
       2253.83
       2263.83
       2273.83
       2283.83
       2293.83
       2303.83
       2313.83
       2323.83
       2333.83
       2343.83
       2353.83
       2363.83
       2373.83
       2383.83
       2393.83
       2403.83
       2413.83
       2423.83
       2433.83
       2443.83
       2453.83
       2463.83
       2473.83
       2483.83
       2493.83
       2503.83
       2513.83
       2523.83
       2533.83
       2543.83
       2553.83
       2563.83
       2573.83
       2583.83
       2593.83
       2603.83
       2613.83
       2623.83
       2633.83
       2643.83
       2653.83
       2663.83
       2673.86
       2683.96
       2694.19
       2704.60
       2715.23
       2726.14
       2737.36
       2748.95
       2760.94
       2773.38
       2786.31
       2799.77
       2813.81
       2828.45
       2843.74
       2859.71
       2876.39
       2893.83
       2912.06
       2931.10
       2950.98
       2971.75
       2993.41
       3016.01
       3039.57
       3064.12
       3089.67
       3116.25
       3143.89
       3172.61
       3202.41
       3233.33
       3265.39
       3298.59
       3332.95
       3368.49
       3405.22
       3443.16
       3482.31
       3522.69
       3564.30
       3607.15
       3651.25
       3696.61
       3743.22
       3791.10
       3840.25
       3890.66
       3942.34
       3995.28
       4049.49
       4104.96
       4161.70
       4219.68
       4278.91
       4339.38
       4401.08
       4464.01
       4528.14
       4593.48
       4660.00
       4727.70
       4796.56
